3 4 4 5 5 3 4 10 15 4 4 6 11 6 4 5 11 11 4 7 4 2 5 3 6 4 4 3 2 7 6 5 3 5 2 5 3 3 3 4 2 4 3 3 3 5 8 3 6 5 6 3 2 8 2 10 7 9 8 3 3 6 7 8 9 3 3 2 4 2 2 4 3 3 3 3 4 5 4 4 3 5 3 5 7 5 8 2 5 6 2 3 5 5 7 9 4 9 13 4
5 3 5 4 7 6 4 10 7 4 2 3 6 9 5 3 2 5 3 4 3 3 3 4 4 2 4 3 6 6 3 4 11 3 3 3 6 2 4 5 3 3 4 3 5 3 3 2 2 4 4 4 2 4 2 3 4 3 3 2 9 8 13 6 5 5 3 5 4 4 7 7 4 3 2 7 7 4 2 3 3 2 2 4 4 3 6 3 4 9 4 5 5 4 5 4 3 4 8 5
4 3 5 3 4 4 2 3 3 6 3 3 7 3 3 3 4 3 4 5 7 5 2 12 4 3 3 3 4 2 3 5 3 5 2 4 4 3 6 8 9 5 5 6 5 3 3 6 3 10 4 5 4 2 5 2 3 3 3 3 4 5 7 4 3 5 2 3 5 3 3 4 9 4 3 3 3 2 2 7 3 3 6 5 2 7 8 2 4 5 4 12 8 4 3 3 6 3 4 4
2 4 2 3 4 2 3 3 3 3 3 3 6 4 3 4 3 4 6 6 4 6 4 3 3 2 3 3 3 3 10 4 3 4 2 2 7 4 4 3 3 3 2 3 4 2 4 3 9 12 19 4 5 4 4 8 3 4 4 6 12 3 3 5 13 9 2 2 4 2 2 3 5 6 4 8 4 4 3 4 5 5 7 5 2 8 3 4 4 5 6 6 6 6 9 4 4 8 3 3
5 6 4 4 3 2 2 3 3 2 8 4 3 5 4 10 5 7 6 8 10 2 4 6 4 3 5 3 2 4 2 8 9 4 3 4 3 7 3 4 12 8 2 5 3 4 5 4 4 4 9 3 3 14 5 4 3 15 4 8 4 3 3 3 3 5 6 4 2 3 3 7 9 2 2 2 4 2 5 4 6 4 8 4 3 2 2 5 8 3 8 8 14 12 7 3 4 5 4 2
2 2 3 4 6 4 3 2 2 2 5 9 3 2 2 3 3 9 4 3 3 2 5 3 4 3 3 3 2 2 4 10 4 3 4 3 2 2 5 2 10 3 2 3 2 5 4 6 4 9 5 8 6 3 4 7 4 3 5 6 5 2 2 3 19 3 3 5 6 2 2 3 7 6 6 3 5 3 4 4 4 3 5 3 10 3 3 2 3 4 3 7 9 6 8 6 4 3 4 3
3 2 6 2 3 7 6 6 4 4 4 5 3 2 2 3 5 2 2 2 6 3 5 3 4 4 4 5 3 6 4 3 7 4 4 5 6 9 2 2 4 2 3 6 7 5 5 6 6 5 4 3 4 4 12 4 5 7 2 5 3 5 31 9 4 5 3 5 6 3 3 4 3 4 4 2 5 2 4 3 2 2 5 5 2 3 4 4 4 4 3 5 13 5 4 5 8 5 7 4
3 2 3 5 9 5 9 5 4 2 2 3 8 6 4 2 4 2 3 3 3 4 3 2 7 3 4 3 2 2 3 3 5 3 4 5 3 3 6 3 4 6 2 2 2 4 5 2 5 5 2 2 4 3 5 3 6 4 4 6 3 4 4 11 3 4 4 6 18 5 5 4 4 4 3 5 2 2 2 7 4 4 5 7 3 2 2 2 3 2 7 5 3 3 3 6 3 3 4 2
2 4 3 4 4 9 3 3 2 3 8 5 4 6 5 5 3 3 5 3 3 7 2 3 4 4 2 4 3 5 3 8 13 3 3 10 5 9 8 2 4 3 2 3 3 6 2 6 4 2 4 3 6 6 4 3 4 6 3 4 6 4 6 3 5 6 4 7 3 4 3 3 4 3 3 2 2 3 4 6 3 4 4 3 2 3 3 5 3 11 3 5 3 2 3 13 4 5 6 4
3 20 3 3 4 2 5 4 3 6 4 3 3 3 5 2 2 7 3 9 6 3 5 4 3 3 4 4 5 6 7 4 4 6 5 8 2 2 4 2 5 3 3 2 2 2 4 2 2 6 3 3 3 5 5 7 6 9 6 7 2 4 5 4 2 3 2 6 3 3 4 4 6 11 7 3 4 6 4 3 3 2 3 4 5 5 4 5 5 4 3 8 7 7 3 3 6 3 5 3
7 6 3 3 3 5 5 4 3 3 3 3 2 3 2 3 2 3 4 5 6 4 2 3 3 6 10 5 4 3 5 3 7 7 9 4 2 2 3 3 6 7 3 4 8 5 12 4 3 2 2 7 8 4 3 2 3 2 3 5 4 4 3 6 4 5 3 6 3 3 4 5 7 4 3 6 4 9 3 4 3 4 5 8 2 3 14 3 9 6 2 8 6 3 2 4 4 3 5 3
15 3 6 4 2 3 3 2 2 6 4 3 5 2 2 4 2 3 3 4 4 1 3 6 3 4 3 15 2 6 3 16 4 3 5 5 8 4 3 5 6 3 3 2 2 3 7 4 2 2 9 4 4 3 4 2 2 3 7 4 5 5 3 5 3 3 20 3 3 4 5 3 5 5 2 2 6 3 3 6 3 5 3 11 6 8 3 2 4 4 4 3 4 3 3 5 5 3 4 5
3 4 5 5 4 3 5 2 4 8 5 6 4 7 2 6 6 3 2 5 3 3 2 5 3 2 3 3 12 7 2 4 4 3 6 4 19 5 3 7 6 7 4 5 3 5 5 4 2 3 5 3 2 3 9 3 4 5 3 4 4 2 2 3 4 4 4 4 3 3 6 4 6 2 3 4 3 3 3 3 5 3 5 3 5 4 10 3 8 4 2 8 2 4 3 5 2 7 3 2
3 3 5 3 5 10 6 5 3 4 10 7 16 4 2 2 2 3 4 3 4 4 2 5 4 3 3 3 4 10 11 4 6 5 4 6 4 5 4 7 4 3 4 3 6 4 11 7 5 3 4 5 3 7 6 3 3 2 19 5 4 2 2 3 4 13 5 6 3 8 4 10 4 6 4 3 7 9 5 4 7 12 4 3 4 5 7 6 4 5 5 6 4 3 9 3 2 2 3 3
6 4 2 4 3 5 3 4 2 8 4 5 6 4 3 5 3 4 5 2 3 3 3 2 3 2 3 4 4 4 4 2 7 3 2 9 2 3 4 7 4 7 3 2 3 4 3 3 4 2 2 4 2 5 4 5 3 10 6 8 3 3 9 3 4 3 7 3 8 4 5 17 5 4 3 3 2 2 2 3 12 3 4 6 6 5 4 3 2 5 5 4 11 3 7 3 9 3 3 6
4 4 8 4 8 3 3 3 3 4 3 5 4 4 3 3 3 6 3 3 2 3 7 9 3 2 3 5 2 6 3 3 4 3 5 4 4 2 2 4 7 3 3 7 8 2 3 6 4 6 2 3 4 4 2 6 3 3 5 12 5 2 2 3 7 4 4 8 6 3 3 7 7 4 5 2 6 3 8 4 4 12 8 11 6 3 3 6 2 2 6 4 3 6 4 2 5 6 2 7
3 2 4 3 3 5 3 3 4 2 5 5 5 3 3 3 3 2 3 4 4 3 5 4 3 2 4 6 4 4 4 4 3 4 3 5 2 5 4 5 4 7 3 2 2 2 4 3 3 3 3 3 2 6 5 3 4 2 2 3 5 4 5 8 4 2 3 3 2 3 4 9 9 3 4 5 6 2 3 5 5 3 13 4 5 4 3 6 8 3 3 3 5 5 3 3 2 2 3 2
3 2 3 2 2 2 3 3 3 6 3 3 3 3 5 3 3 2 2 3 2 3 3 3 4 4 2 5 5 3 3 3 5 4 6 5 3 4 2 2 4 5 4 5 5 5 6 5 4 4 4 5 3 4 4 5 2 3 2 3 5 10 5 5 4 7 4 7 6 6 10 6 9 6 3 7 6 5 2 4 6 3 4 5 3 2 4 4 3 4 4 3 4 10 10 3 5 4 3 3
4 5 9 2 9 3 3 3 4 3 6 2 5 3 2 4 5 4 3 2 3 4 2 9 2 2 2 6 3 4 12 3 5 4 3 8 2 2 3 4 3 2 3 6 5 3 2 2 2 5 6 2 8 6 7 5 5 3 2 4 4 4 3 5 5 2 3 2 4 4 9 3 5 6 3 5 3 4 3 7 8 2 5 5 2 3 6 5 2 3 2 7 4 5 10 4 5 4 4 4
3 12 6 4 3 5 3 5 5 5 3 3 9 4 7 6 3 3 9 4 13 2 3 3 4 5 4 3 2 3 5 9 4 4 9 6 4 5 4 4 3 4 4 5 4 3 2 2 2 4 4 8 5 12 5 6 3 3 4 10 5 3 3 4 7 3 4 4 5 4 3 2 4 6 3 9 2 4 4 4 4 2 4 5 2 5 4 5 3 2 3 4 5 4 6 7 4 6 10 3
3 3 2 2 5 3 3 3 6 5 3 13 4 3 2 2 3 2 3 2 2 4 3 3 4 6 4 3 2 3 2 8 3 7 3 3 5 3 3 5 2 4 3 5 2 2 2 4 5 6 6 6 4 4 2 4 4 3 6 2 3 6 3 4 4 2 3 8 4 9 12 7 9 2 3 7 3 2 3 6 5 3 4 4 2 3 4 4 6 7 3 6 3 3 6 4 6 4 5 6
2 3 4 6 3 3 4 5 3 8 3 3 4 4 5 2 4 3 7 4 4 10 5 13 4 2 2 7 5 3 2 3 3 5 4 4 3 2 3 4 3 4 4 3 4 5 4 3 3 4 2 2 3 4 5 2 3 6 2 8 3 4 2 6 3 2 2 11 4 5 4 7 5 4 5 6 3 2 2 8 3 5 4 5 4 2 4 6 4 5 3 3 5 8 4 3 2 3 2 3
3 3 4 4 4 6 4 3 3 2 4 8 3 3 7 3 5 3 4 8 4 2 7 7 3 7 4 9 10 8 3 7 3 3 3 3 6 5 6 7 3 8 7 4 2 2 6 2 2 2 2 2 3 5 4 2 4 4 3 4 4 10 3 4 8 7 5 3 3 3 3 3 2 6 3 6 3 3 8 4 2 3 3 3 2 2 4 3 4 4 4 8 5 7 7 5 3 2 4 6
3 2 4 4 4 7 3 5 3 2 5 3 5 4 2 3 4 6 4 4 6 14 7 15 3 7 4 4 3 4 7 5 3 3 2 4 2 6 13 2 3 5 8 4 2 5 2 2 2 2 3 6 5 4 3 4 6 3 2 3 8 2 3 3 4 3 8 4 6 3 2 3 4 3 5 8 5 4 3 2 4 3 4 2 3 3 7 7 5 12 3 8 4 4 3 4 17 2 3 2
3 5 4 5 6 3 4 2 4 2 5 5 3 3 5 4 2 3 2 2 2 4 3 4 5 3 3 5 8 2 3 6 6 3 2 3 3 3 5 18 4 3 9 7 6 5 3 5 3 5 2 5 3 4 4 2 4 2 4 3 4 2 4 4 10 7 8 6 4 3 3 5 6 5 5 4 6 6 3 11 4 5 5 7 2 2 2 2 4 7 7 2 4 7 5 7 6 4 4 2
3 7 6 5 6 4 5 6 4 7 2 15 3 2 4 15 3 4 2 3 2 5 11 4 15 5 5 4 3 4 2 3 2 6 3 2 4 8 4 6 7 5 7 3 5 3 3 3 2 2 2 3 4 4 5 3 3 3 9 4 4 3 2 4 6 2 4 4 7 3 2 3 5 6 5 5 6 5 7 2 3 5 5 3 4 2 2 4 6 5 5 3 3 4 5 4 19 32 3 8
2 12 4 4 3 7 5 4 3 8 3 5 3 4 3 6 5 3 3 2 5 5 6 2 3 4 5 7 2 3 3 4 4 4 8 4 5 6 3 6 3 6 4 2 3 7 3 7 2 3 2 6 9 8 11 6 5 7 2 5 4 4 5 6 4 3 2 2 6 3 2 4 4 5 9 5 5 4 6 6 3 3 4 6 3 4 3 2 4 3 3 8 4 2 4 4 2 4 2 3
5 6 6 5 3 7 3 3 2 3 2 3 8 2 5 4 4 3 2 7 14 3 3 5 4 3 3 2 2 3 2 4 2 3 4 2 3 10 2 19 3 4 4 4 6 4 2 2 3 9 9 6 3 3 3 3 5 3 5 3 4 5 6 3 3 4 3 2 4 5 2 9 4 4 3 5 4 2 9 3 11 4 8 4 3 3 3 3 6 3 2 3 4 3 5 5 4 3 3 3
3 3 3 5 7 4 5 4 2 2 2 6 4 5 2 3 5 5 2 5 3 4 2 3 14 3 4 4 4 3 2 4 3 3 5 3 2 2 3 3 8 4 6 4 3 2 4 2 2 7 2 4 5 4 16 8 6 3 3 8 3 6 9 3 3 8 4 3 2 2 3 3 2 3 4 7 3 3 2 3 5 4 5 5 2 4 9 2 3 5 3 2 3 3 4 4 3 4 4 3
12 7 3 4 3 4 14 3 3 3 2 2 2 5 2 3 3 3 2 9 3 2 3 3 2 5 4 7 5 2 3 3 3 4 2 5 6 3 5 4 5 3 3 8 4 4 3 1 2 9 2 8 5 3 3 4 3 4 2 3 9 8 5 4 8 3 3 9 3 3 3 4 3 5 2 5 5 5 4 4 4 4 6 19 4 4 3 7 4 3 8 4 5 5 5 2 5 5 8 7
3 2 4 2 3 3 8 7 7 7 3 8 5 3 2 2 2 8 4 10 2 4 5 4 3 4 4 11 5 5 3 5 3 4 4 9 5 3 2 3 3 7 2 4 10 3 10 3 3 6 3 3 4 8 6 3 5 5 3 4 4 3 7 4 2 5 3 4 4 4 3 3 5 3 4 3 9 3 2 4 4 7 3 6 3 8 4 4 4 3 4 2 5 3 4 3 10 10 3 3
3 6 2 2 3 5 2 3 2 10 3 2 3 4 3 3 3 4 4 3 4 2 2 3 4 3 5 8 11 10 4 4 4 4 4 4 4 3 2 4 2 4 4 4 4 3 3 5 10 3 5 5 5 7 5 2 3 7 3 4 3 14 3 11 2 3 7 5 3 4 2 3 2 4 4 5 6 4 3 4 3 5 7 2 2 3 4 3 2 4 11 6 2 6 8 3 6 5 8 2
4 5 3 3 4 3 2 4 3 3 4 3 3 3 5 3 3 4 4 2 2 4 5 2 4 6 7 6 3 4 4 3 2 4 5 5 20 2 2 3 2 3 3 2 3 2 2 3 5 3 2 8 6 3 4 8 5 5 2 3 4 3 2 4 2 5 4 2 3 3 2 2 3 2 2 2 3 3 3 4 4 8 3 4 4 3 3 2 3 6 13 5 3 4 10 2 3 4 7 11
3 3 5 7 5 3 3 5 2 2 5 2 5 3 4 4 5 5 6 6 4 5 2 3 3 8 3 3 6 3 4 3 4 3 4 20 6 3 5 6 2 2 3 2 5 3 3 3 6 2 3 9 4 5 5 4 3 4 2 4 4 4 13 7 6 3 4 3 2 3 2 2 2 3 3 4 3 2 2 2 13 3 4 4 4 13 7 6 4 4 5 4 2 4 4 6 4 4 8 6
4 6 4 5 6 10 6 3 5 3 5 3 3 6 4 4 3 3 4 4 3 5 5 4 4 5 12 5 3 9 7 12 2 4 6 3 7 4 2 3 4 2 3 4 6 4 3 3 4 3 6 2 8 3 5 4 3 3 3 3 4 3 3 3 9 4 3 3 7 6 2 3 4 5 7 5 4 9 3 9 6 4 5 3 4 3 3 3 5 2 4 3 2 9 17 10 10 2 7 11
4 9 8 3 3 4 2 2 2 5 5 3 2 4 4 4 2 4 2 4 5 2 7 4 4 2 6 9 4 6 3 3 3 4 8 4 4 5 2 2 3 4 7 3 3 11 3 3 2 3 4 3 3 3 5 3 9 5 5 5 4 4 3 2 4 3 2 2 5 2 7 2 4 2 3 4 3 15 3 3 6 2 6 3 6 4 5 5 2 5 6 4 3 4 5 4 3 3 4 6
3 9 13 4 3 5 4 1 7 2 5 4 5 4 4 4 5 11 5 7 4 3 5 10 4 4 10 5 4 3 2 2 3 5 3 3 3 2 5 3 5 5 8 4 6 8 6 21 3 2 4 3 3 5 5 3 4 6 2 21 8 5 4 5 4 8 5 2 4 2 3 4 4 3 3 5 3 8 4 2 5 4 4 9 13 3 8 2 2 4 3 3 6 5 3 3 6 15 6 2
3 4 12 3 6 4 8 4 3 2 4 3 3 4 5 5 4 5 3 3 3 7 4 11 6 4 5 3 13 4 4 6 4 2 4 3 3 3 3 4 4 3 5 3 9 17 3 4 5 3 2 4 4 2 4 2 3 3 5 9 6 2 5 13 6 4 3 2 3 8 13 9 7 4 1 5 3 4 2 3 5 3 3 5 3 6 3 6 2 5 10 2 3 12 6 2 3 4 4 8
2 5 7 4 5 4 2 4 7 5 8 3 4 7 3 3 3 3 4 3 5 3 5 3 3 4 5 7 3 5 6 3 4 3 4 8 3 3 4 5 4 4 5 2 4 4 2 5 8 2 2 4 2 3 3 3 6 3 2 4 6 2 3 2 3 4 3 2 3 3 3 3 14 3 4 8 3 11 3 4 6 6 4 8 4 24 4 14 8 7 3 4 9 3 5 4 7 5 4 4
5 5 10 6 2 2 6 3 3 5 4 8 3 2 8 4 6 4 2 4 5 3 3 4 6 6 9 6 4 6 2 3 2 3 3 2 3 4 6 6 6 19 2 2 2 4 3 8 3 2 2 5 3 2 6 4 6 3 2 3 7 3 2 3 4 9 2 5 4 5 4 3 5 8 4 4 4 5 6 5 4 8 4 4 4 9 3 6 7 2 5 3 3 7 4 5 9 6 3 2
2 3 3 4 3 3 3 3 3 6 3 4 3 2 3 5 3 4 3 9 2 3 4 6 4 6 10 2 5 3 10 6 3 2 5 3 4 3 6 3 4 5 3 3 6 4 3 4 2 4 3 5 3 2 6 4 4 5 2 4 5 4 3 6 3 3 5 3 4 3 4 2 3 2 4 5 3 4 4 3 8 4 5 6 3 4 4 4 2 1 4 2 12 4 4 3 10 2 3 2
4 4 3 3 2 10 6 3 2 3 3 3 3 6 5 5 6 4 12 3 4 4 3 5 3 4 5 3 12 2 3 4 2 3 11 3 3 2 7 3 3 3 3 2 8 3 4 4 8 3 6 4 3 4 5 5 6 3 4 9 8 13 5 4 4 7 3 5 5 3 4 3 4 5 11 3 3 2 4 3 4 4 5 2 4 9 4 8 2 3 5 4 4 8 6 4 8 5 4 4
4 5 4 4 5 5 3 5 3 4 3 3 6 7 2 4 3 3 3 4 8 6 4 4 2 3 3 3 6 3 4 3 4 6 5 2 3 5 3 11 4 2 2 6 4 7 6 5 8 2 3 4 4 3 5 5 7 3 3 7 7 16 4 3 2 3 3 5 2 3 4 2 3 3 5 10 3 4 5 11 6 3 4 8 2 6 3 5 3 2 4 11 3 6 5 7 4 3 3 7
3 3 4 5 4 5 4 3 4 10 2 4 3 4 4 4 11 3 2 4 3 8 2 3 3 3 4 4 3 3 5 4 5 16 3 2 3 5 3 2 4 3 8 2 3 5 3 3 4 3 7 4 7 4 3 7 5 3 4 5 7 4 3 6 5 6 3 5 5 4 3 2 3 2 3 2 13 2 6 4 5 4 7 2 10 6 3 4 2 2 3 3 3 4 4 12 13 2 8 4
4 4 4 6 3 5 3 2 4 9 2 3 7 3 8 4 4 4 2 3 8 3 6 3 5 3 7 3 5 12 3 4 4 3 11 18 6 9 4 4 2 3 3 2 3 3 2 3 2 6 6 5 9 11 5 4 4 4 7 4 2 10 5 3 5 5 3 5 6 4 3 4 10 2 5 3 4 3 2 4 4 5 5 5 3 3 14 4 4 3 3 3 3 3 3 5 5 3 3 3
4 5 7 4 8 4 3 3 3 3 4 3 4 4 2 2 3 4 3 3 4 4 3 9 5 2 4 11 5 5 3 5 4 3 6 7 18 6 4 5 3 2 3 3 4 6 4 6 4 3 4 2 6 2 4 4 3 4 2 2 4 5 2 8 3 2 5 5 4 8 3 4 4 2 4 4 5 5 4 4 8 5 4 3 4 3 9 7 2 4 2 7 3 4 4 5 2 2 3 4
3 3 6 6 3 3 3 2 8 3 3 2 3 5 4 3 8 6 2 3 3 4 5 2 2 4 6 4 4 4 3 7 3 4 2 6 3 4 8 5 7 3 2 6 4 2 4 4 4 5 6 4 4 4 13 4 8 5 2 12 5 3 6 4 3 5 5 3 4 2 2 7 3 13 2 5 5 3 4 7 9 3 4 3 4 2 3 3 6 3 4 3 3 4 5 2 3 3 10 4
2 3 7 3 4 2 3 5 8 6 8 3 2 6 4 4 7 3 4 4 4 3 3 3 4 11 5 3 7 2 3 4 4 7 7 5 3 4 6 8 3 4 3 7 2 2 2 3 4 4 4 3 6 3 3 5 3 3 3 4 3 3 5 8 5 4 4 4 3 3 4 4 2 2 6 6 6 4 5 8 7 5 4 3 2 2 2 3 4 4 4 2 4 4 4 6 2 4 2 2
1 3 3 4 6 5 2 5 4 4 5 5 4 3 3 6 14 5 2 5 4 2 3 4 19 6 3 3 6 5 3 6 4 4 13 3 2 4 4 12 3 5 3 4 12 3 4 9 4 6 6 4 2 6 4 3 3 4 3 5 3 4 4 4 4 30 5 3 3 4 4 4 5 2 3 5 4 4 2 5 8 3 3 2 6 2 4 7 4 8 2 2 4 4 5 3 18 2 3 5
7 4 3 4 4 3 6 3 4 4 6 4 3 2 4 2 4 4 4 7 3 4 12 3 12 4 5 5 5 5 2 8 5 10 5 7 3 8 11 6 3 5 3 8 4 7 7 5 3 6 4 5 2 4 4 3 6 5 2 8 8 3 2 2 5 4 4 6 4 3 8 4 4 2 2 4 8 6 5 8 4 2 20 3 3 7 6 8 4 4 2 3 8 3 2 5 7 3 11 3
4 2 2 8 3 7 4 4 6 4 10 7 4 3 3 2 3 3 4 3 2 6 5 5 17 3 3 8 6 6 3 8 3 5 5 3 3 4 6 4 4 4 2 3 3 4 3 4 5 4 2 5 5 4 7 4 13 4 3 4 4 3 4 8 6 4 2 4 2 4 4 2 7 4 10 7 3 4 2 4 5 6 4 3 2 2 5 5 5 2 2 4 2 4 4 5 5 13 4 4
2 3 2 4 4 5 7 8 7 3 2 3 4 2 3 5 2 4 5 5 6 6 3 4 6 3 3 4 5 3 7 5 3 4 4 4 3 4 5 3 4 3 4 5 4 3 2 4 2 3 5 11 7 2 3 12 14 6 3 3 2 3 3 5 3 2 2 4 5 2 7 5 6 2 6 8 3 2 3 5 3 3 8 6 3 8 2 4 2 3 3 2 2 2 6 5 6 3 5 2
4 2 2 3 3 3 4 3 3 5 3 6 4 5 16 2 3 7 3 5 4 3 10 5 2 8 6 9 3 4 4 5 3 4 4 3 4 3 2 4 6 4 4 3 10 3 6 5 2 2 2 6 4 3 3 3 2 2 4 2 3 2 4 2 4 2 4 4 4 4 5 2 4 3 4 5 6 9 2 2 2 3 2 2 3 4 5 5 6 4 2 4 3 8 2 4 4 20 1 2
2 2 3 3 5 5 3 4 6 5 3 3 3 5 7 2 2 6 4 2 3 3 3 14 3 4 5 6 5 4 6 4 6 4 24 6 3 3 4 4 5 2 4 3 3 2 2 7 8 6 5 7 3 2 3 3 3 4 7 8 5 3 3 2 5 5 2 4 6 4 2 3 4 2 4 4 3 4 4 2 4 5 3 11 5 3 4 3 2 3 4 3 10 3 7 4 4 6 2 3
4 3 5 3 4 8 2 4 5 2 5 2 5 3 9 2 2 4 4 2 3 5 5 4 11 3 4 12 2 4 8 4 2 3 2 3 4 4 5 5 2 3 5 3 2 2 3 5 2 3 2 6 8 9 3 5 3 3 5 5 2 4 3 2 6 5 2 3 5 4 3 3 3 2 4 4 4 6 3 2 3 6 10 3 2 4 4 3 5 3 3 9 5 2 3 2 3 4 6 3
4 2 6 6 4 5 4 2 4 5 4 6 5 5 3 5 3 3 4 4 5 6 8 3 4 11 2 5 4 3 4 4 3 3 5 3 3 4 2 2 3 2 3 3 3 10 2 4 5 3 2 2 3 4 6 4 8 5 3 4 4 8 4 3 3 3 4 2 4 2 3 5 4 3 5 3 3 3 3 4 4 7 6 2 3 3 8 3 4 4 3 2 3 4 4 4 4 4 3 4
3 5 5 4 3 3 2 8 5 4 2 4 4 3 3 5 5 4 4 2 4 2 4 7 3 4 5 7 4 4 3 2 6 2 5 3 3 3 3 6 3 3 11 8 4 5 4 5 7 5 11 3 3 7 2 4 4 7 4 4 7 4 9 6 3 3 5 5 4 2 3 2 3 4 4 2 3 5 6 3 4 3 3 3 4 3 3 3 2 3 3 2 7 2 3 4 4 8 4 10
3 5 3 9 5 5 4 4 5 5 2 4 11 4 2 3 4 2 3 4 3 3 2 5 12 4 5 3 2 4 3 8 7 5 5 2 6 3 5 6 4 3 2 4 4 2 4 2 3 3 4 2 2 3 4 2 3 2 3 4 8 4 3 2 2 5 5 4 8 3 3 5 3 4 4 2 3 5 3 3 4 2 9 3 6 2 3 2 3 4 4 5 4 3 2 2 4 3 3 2
7 3 6 2 3 3 5 8 2 9 5 3 5 3 8 2 6 2 3 2 4 3 6 2 11 5 12 3 4 1 2 4 5 5 5 8 5 3 2 2 2 4 2 4 8 4 3 3 2 6 4 11 3 7 3 5 3 2 6 4 2 4 3 5 5 4 6 3 6 3 14 5 4 3 3 4 6 2 3 3 4 6 2 3 2 3 5 3 6 6 4 11 6 4 3 3 4 4 2 2
5 4 4 9 2 4 5 5 6 8 7 3 4 5 3 3 3 5 3 2 2 3 3 7 4 4 2 4 3 3 3 6 4 3 2 4 4 6 3 6 3 6 4 5 4 5 8 3 6 3 5 6 4 2 4 4 3 5 7 4 2 4 3 2 4 3 2 2 11 4 9 5 3 3 3 3 2 3 4 4 2 4 6 3 5 6 6 7 5 6 2 4 5 8 8 2 3 5 4 4
5 6 4 3 3 2 4 3 3 3 3 5 8 5 3 4 2 4 5 4 3 3 4 2 4 4 4 5 3 3 3 8 8 4 2 3 4 3 2 3 7 6 3 3 2 2 2 3 6 2 4 3 4 2 2 4 4 4 5 3 2 2 4 3 5 5 5 6 14 2 4 4 2 5 5 8 5 7 4 4 3 8 4 2 3 3 5 4 7 4 2 4 3 5 1 3 2 3 4 6
5 5 3 5 3 2 2 15 4 3 2 4 3 4 4 3 6 4 3 4 4 2 5 6 3 2 3 4 3 13 2 6 4 4 2 3 3 3 2 4 2 3 4 3 3 7 2 2 3 2 3 4 6 3 4 5 10 4 3 4 3 2 3 3 4 5 8 6 6 8 4 6 4 3 12 3 18 9 5 13 12 4 7 4 4 2 11 4 6 5 2 4 5 7 2 2 2 3 8 3
9 3 4 3 3 7 8 4 8 2 3 3 4 3 4 3 5 4 16 6 2 2 3 2 5 3 3 3 3 8 6 13 3 3 11 5 3 2 2 4 2 5 10 5 4 6 6 5 3 3 3 3 3 2 3 6 2 4 4 3 6 2 2 4 7 3 7 4 2 4 3 4 4 6 4 3 10 7 5 5 4 8 3 2 9 7 5 3 3 6 6 3 3 4 3 2 2 3 6 3
5 4 3 3 4 5 5 5 2 2 2 3 3 5 5 3 4 4 3 6 7 6 3 7 4 3 3 4 4 4 7 4 6 4 3 5 3 5 2 3 4 4 5 8 4 3 2 4 3 5 3 4 3 3 2 5 3 2 8 7 4 4 4 2 3 3 3 7 4 6 3 4 4 5 4 4 9 3 3 3 3 5 8 4 3 5 4 21 4 3 2 4 2 4 3 6 2 2 4 4
5 4 4 4 5 5 6 5 4 5 4 4 3 2 3 2 3 7 4 3 2 2 8 5 2 3 5 5 6 9 4 3 2 3 5 3 3 4 2 2 4 4 4 5 3 4 9 4 5 2 3 2 3 8 2 6 2 4 3 4 2 3 5 2 5 4 4 4 3 3 7 5 5 4 3 2 4 6 8 8 4 2 5 13 12 2 4 9 5 8 3 4 4 4 3 3 4 4 2 4
4 5 5 6 4 4 4 6 3 3 2 4 2 3 2 2 5 3 3 15 2 3 2 5 5 4 8 3 3 4 4 3 3 2 4 2 3 3 2 4 6 7 5 3 4 2 4 5 3 5 9 4 4 4 6 10 7 3 13 3 4 2 3 2 7 4 4 6 3 3 4 6 5 5 4 4 9 4 3 3 4 4 3 4 4 9 5 12 2 2 3 4 3 4 2 2 5 3 3 4
6 4 3 2 5 6 5 3 6 7 6 8 3 5 4 2 8 6 3 4 3 5 2 6 7 5 3 2 4 4 6 5 3 8 2 2 3 5 4 4 7 5 6 4 10 8 5 3 4 2 5 4 4 3 3 2 3 2 5 4 3 4 2 11 3 2 2 2 2 9 4 5 4 3 4 5 5 3 2 5 5 4 2 2 3 2 3 7 4 3 2 4 9 6 3 2 6 3 4 3
3 8 3 3 2 7 3 2 2 3 5 6 4 2 2 5 5 3 2 4 3 2 6 4 3 3 4 2 2 2 5 5 4 4 2 3 5 6 4 3 4 3 7 11 3 4 3 1 5 4 5 3 4 3 2 4 3 4 9 3 4 3 3 4 4 3 2 9 3 4 4 4 2 6 5 5 5 4 5 11 2 4 2 2 3 3 3 3 4 3 2 3 5 7 2 2 2 3 4 3
2 8 4 2 2 7 9 3 3 7 8 4 7 4 8 4 4 2 2 5 4 2 4 3 2 3 5 2 2 2 5 6 2 2 3 3 9 6 4 4 2 4 4 6 3 5 4 5 3 2 6 3 5 4 4 6 5 8 4 2 5 4 2 4 3 20 7 4 2 3 5 3 4 4 4 4 4 3 2 6 3 5 3 3 6 2 2 3 5 3 3 4 2 2 3 3 4 4 5 2
4 5 7 3 4 6 5 11 15 7 6 4 5 3 7 2 4 2 4 3 5 9 3 5 7 5 3 4 4 10 4 6 6 4 2 2 5 4 3 3 3 4 5 8 7 5 4 5 15 4 5 3 5 4 4 3 3 2 3 4 6 4 3 3 6 3 2 2 4 2 2 4 3 2 3 4 4 4 4 3 2 8 4 3 5 2 3 3 4 2 3 2 4 3 3 3 5 2 2 2
3 4 3 5 4 3 2 3 4 3 4 2 5 4 2 3 5 2 4 4 5 2 5 2 3 3 2 5 5 4 2 4 2 4 2 2 5 3 3 2 2 4 3 11 10 7 3 2 6 6 24 5 3 3 4 2 4 3 6 3 5 5 3 6 6 5 2 3 4 2 4 3 3 2 3 6 6 8 2 2 9 2 3 2 2 2 2 5 4 3 2 4 4 5 3 2 3 4 3 9
3 3 3 5 4 4 2 2 4 4 2 2 2 2 2 6 4 2 4 4 7 4 4 5 6 4 5 5 4 5 9 5 2 6 2 2 4 4 2 4 3 3 6 4 3 4 7 6 5 3 3 5 3 12 4 6 4 4 6 11 3 3 4 6 4 5 3 2 2 2 2 5 4 3 3 4 6 3 5 2 4 3 3 2 2 2 2 3 4 3 4 3 3 4 4 5 3 3 4 3
3 2 3 2 3 6 7 3 4 2 3 3 7 3 2 6 3 3 6 3 2 6 9 7 2 4 5 4 5 6 4 5 3 4 3 6 4 3 2 5 3 4 7 4 2 4 3 5 10 7 8 3 3 2 3 3 2 3 3 3 3 2 4 5 8 4 2 5 4 2 4 5 2 6 4 6 11 3 4 4 4 7 6 4 4 5 3 5 3 5 2 4 8 7 3 4 4 5 10 3
11 2 3 5 2 2 4 7 2 3 2 3 4 10 5 10 3 4 4 4 9 2 5 9 4 8 4 4 6 2 3 4 3 3 2 4 10 2 7 2 3 4 5 4 5 8 4 4 4 4 11 2 2 4 4 3 2 10 5 3 3 3 2 3 2 3 5 3 5 5 7 3 3 4 3 2 8 7 3 3 3 2 5 6 9 4 4 6 5 8 4 6 4 3 4 3 2 5 5 2
2 10 6 9 4 5 5 3 3 3 2 4 7 3 2 3 4 3 3 2 2 2 9 4 5 4 4 5 5 6 6 11 10 4 2 3 5 5 5 2 8 3 4 8 4 3 3 3 4 3 3 3 4 2 4 2 3 3 2 2 8 2 2 2 3 3 2 4 12 4 7 3 3 2 3 2 2 8 2 6 4 4 3 2 3 2 5 3 6 9 4 3 3 3 3 2 2 2 2 2
9 8 2 6 3 3 3 4 2 2 3 5 4 3 6 2 3 4 5 4 2 6 4 4 4 9 2 3 5 4 2 5 2 3 16 9 4 7 4 5 3 9 5 4 4 3 4 3 4 6 11 3 3 2 3 2 6 6 2 1 2 2 4 5 4 2 2 4 4 3 4 3 4 1 4 6 4 9 5 5 7 7 8 3 3 4 3 3 3 4 12 9 2 1 5 4 4 5 6 7
5 3 3 4 2 2 4 4 6 2 3 4 8 3 7 4 3 4 3 5 11 6 4 3 4 7 2 3 4 5 4 10 10 3 4 4 3 2 7 4 3 3 4 3 6 4 7 2 5 7 5 3 3 6 10 4 7 3 3 3 4 4 3 2 4 4 3 2 4 5 2 3 7 4 5 4 4 5 5 5 4 2 4 5 2 2 3 4 3 3 4 4 3 4 4 5 3 5 4 3
4 8 4 4 6 3 4 4 7 2 2 2 3 5 6 5 3 6 6 5 5 5 3 5 4 3 7 2 8 3 3 8 3 5 4 4 2 11 6 4 5 3 4 4 7 2 3 4 5 15 5 4 5 4 7 2 2 1 3 3 8 3 7 2 2 3 3 3 3 3 3 4 2 2 2 5 3 2 5 4 4 3 4 4 3 3 2 4 4 11 3 5 4 2 3 5 3 4 2 12
3 2 2 4 6 8 5 3 3 3 3 3 5 8 8 6 3 5 4 4 3 15 11 8 3 3 2 4 3 4 16 3 3 3 5 12 6 4 4 3 7 5 2 8 3 5 4 6 11 6 5 5 5 4 5 2 4 9 7 7 6 2 4 3 3 3 3 4 4 4 4 4 4 4 3 5 4 5 2 5 4 7 7 7 2 2 3 3 6 6 2 3 2 5 3 3 3 4 8 3
5 2 2 3 2 3 4 8 4 4 2 5 4 3 4 12 3 3 3 4 6 4 6 3 6 6 4 5 3 5 7 2 3 2 4 14 8 3 3 5 2 2 5 5 4 6 3 2 6 5 6 5 2 2 3 4 2 2 4 2 3 5 6 4 2 2 6 4 2 4 3 4 3 3 3 4 2 5 5 3 2 6 4 5 3 3 3 5 4 3 4 5 2 3 3 3 3 8 2 3
4 2 3 2 3 3 2 5 4 4 2 4 4 2 3 9 2 2 2 3 8 3 8 8 8 3 4 7 4 7 5 7 9 4 4 3 4 6 4 3 3 4 4 2 3 4 9 3 3 5 4 4 5 3 2 4 2 5 3 5 2 4 4 4 2 2 2 3 4 3 3 6 6 3 3 3 3 13 4 4 2 10 4 4 5 8 8 5 6 4 4 8 4 4 4 2 3 9 4 4
2 2 2 2 7 2 3 3 10 2 4 3 5 5 6 6 6 4 3 2 4 2 5 3 5 3 2 5 2 5 24 7 10 4 4 5 5 4 4 3 4 4 3 7 7 3 4 16 5 2 4 2 5 4 6 6 2 6 2 6 8 3 2 3 4 5 4 2 5 5 4 4 4 3 3 10 2 5 6 4 2 3 4 4 4 4 4 6 3 3 4 10 4 8 4 6 6 6 2 2
4 3 3 2 3 5 4 4 5 21 4 4 4 7 4 6 3 2 4 4 27 2 3 4 4 4 4 4 5 6 4 3 5 5 4 3 3 7 5 8 5 4 9 4 8 2 6 4 5 4 4 4 4 2 2 14 3 5 3 4 3 4 3 2 3 5 4 3 3 6 7 3 5 3 4 4 3 5 4 2 2 6 4 4 10 2 7 2 2 2 2 6 3 8 3 3 7 5 3 4
4 2 8 3 6 7 3 4 3 3 4 5 28 3 2 4 11 4 2 3 3 3 2 13 4 7 2 11 3 3 3 7 3 3 6 4 4 2 4 5 3 5 4 6 5 5 4 2 2 3 4 5 3 2 5 8 5 7 3 5 2 5 4 3 4 2 4 3 5 4 7 4 6 2 3 4 2 3 3 4 4 4 5 9 5 7 4 4 3 5 2 2 4 2 10 2 3 5 3 3
3 4 8 6 12 8 4 3 3 2 7 3 7 3 5 3 8 3 3 2 6 2 4 4 5 4 7 2 4 7 7 5 3 3 5 6 5 4 3 5 5 9 3 5 4 5 3 3 4 5 3 4 4 4 4 2 4 5 8 3 3 5 2 4 4 4 6 4 6 3 3 4 4 2 2 3 4 4 2 2 3 3 3 4 3 4 6 7 4 2 2 5 6 6 6 4 5 7 3 5
2 2 4 3 4 12 6 5 12 9 3 11 3 7 2 2 3 3 4 3 4 16 4 3 3 2 4 3 9 4 4 10 7 4 4 4 3 4 4 3 2 4 3 3 8 6 5 3 6 12 18 4 4 4 3 4 3 5 4 6 4 3 4 3 4 4 3 4 5 7 2 7 3 5 2 2 4 10 4 2 3 6 4 4 6 2 2 6 2 2 4 5 3 5 4 15 5 5 4 4
2 2 3 4 3 2 4 2 3 2 4 7 2 6 4 5 20 3 2 3 4 5 3 4 2 5 6 3 6 8 4 8 5 3 3 4 2 7 3 5 4 5 3 2 4 3 3 2 4 6 4 9 7 8 4 8 3 3 4 4 8 7 3 8 2 4 3 9 3 3 4 5 3 6 2 2 3 3 16 2 4 3 4 3 4 3 4 4 4 4 3 4 4 4 9 4 5 2 4 2
4 4 3 9 3 2 2 4 3 2 6 4 2 2 2 6 4 3 5 2 3 3 2 3 2 7 3 4 6 3 3 4 7 8 2 2 2 3 10 3 3 2 9 9 6 4 2 2 3 6 2 3 2 4 3 3 4 3 3 5 4 6 6 4 4 13 4 6 3 5 2 3 3 3 2 2 2 3 2 4 3 3 3 6 3 4 3 2 5 4 8 4 4 5 5 6 3 15 2 6
2 5 3 10 3 5 5 4 3 6 3 2 3 5 5 12 3 2 3 3 4 4 4 2 2 10 4 3 5 4 3 3 4 4 4 4 4 3 5 7 2 2 3 5 6 3 5 3 3 3 2 5 3 4 4 2 6 4 3 4 18 7 8 4 6 4 13 4 6 4 5 3 3 3 3 9 2 4 4 2 3 3 4 11 4 2 3 2 3 2 3 3 2 2 3 20 3 2 3 2
2 6 3 4 4 6 3 3 3 3 3 3 3 4 7 4 3 3 4 3 4 2 2 4 3 5 6 5 7 4 4 5 5 3 10 3 4 5 4 6 2 4 3 14 3 4 2 2 2 3 5 4 4 3 2 2 3 11 4 3 4 3 5 4 3 4 4 2 3 6 15 3 6 5 2 6 2 4 2 5 4 3 6 6 3 3 3 3 3 3 2 2 7 3 4 2 3 4 8 5
3 4 2 3 2 2 2 2 4 4 3 2 7 10 5 6 2 4 5 4 5 2 6 4 5 4 4 3 4 4 5 10 4 3 2 2 3 3 3 4 7 3 4 3 3 2 4 3 4 7 4 5 4 3 3 10 3 2 2 4 15 8 2 3 5 2 4 4 3 3 3 5 6 2 4 3 9 3 3 4 12 5 9 3 3 2 4 4 3 7 8 3 3 2 12 2 2 3 3 5
4 2 3 3 4 3 2 2 4 4 3 3 3 2 6 5 3 3 4 6 2 7 5 7 3 5 3 4 5 9 3 4 3 3 6 7 4 5 4 7 5 8 2 3 2 2 3 7 4 8 9 4 3 2 2 3 2 2 3 2 2 7 6 2 4 8 4 4 3 3 4 4 3 3 6 3 3 6 7 11 5 2 6 4 2 4 2 4 3 3 4 4 3 4 3 3 4 5 7 3
3 4 9 2 6 2 4 2 4 7 5 5 6 3 8 8 4 4 11 10 4 4 6 3 3 3 4 3 5 3 8 3 3 6 5 5 5 5 4 4 6 2 3 2 2 2 4 5 16 7 2 4 2 2 3 3 4 5 3 2 5 5 7 4 3 7 4 4 3 2 5 3 3 7 7 2 4 3 4 4 5 5 5 4 2 11 6 3 2 6 3 3 12 3 3 3 3 3 3 4
4 2 2 3 6 5 3 3 7 3 4 2 3 4 4 12 7 2 9 4 3 3 4 4 6 3 2 4 3 3 7 4 4 4 3 3 5 5 6 7 5 2 2 2 3 2 3 3 5 4 4 2 3 2 2 4 4 2 6 4 4 2 16 25 11 4 6 2 4 3 5 5 4 5 5 7 3 3 2 4 3 3 5 3 3 5 4 4 2 3 2 2 2 2 2 3 4 7 7 3
4 4 4 4 3 4 2 6 4 4 3 3 3 2 10 8 5 5 3 4 2 4 5 2 4 4 2 10 5 4 3 5 3 3 4 2 3 4 8 4 4 3 3 2 2 4 4 4 4 3 4 4 4 14 5 4 9 4 3 2 5 4 4 4 2 4 6 4 17 2 4 3 2 9 3 4 5 4 5 5 3 3 3 5 3 4 2 3 3 9 2 2 3 2 3 6 4 2 3 6
4 2 4 4 2 7 4 4 3 3 2 3 4 4 3 8 3 4 3 3 6 5 5 3 4 5 5 4 2 4 5 5 3 5 4 5 2 5 4 4 4 4 2 4 3 3 7 2 3 4 8 4 4 2 2 4 4 3 10 4 3 4 4 5 2 4 3 3 5 4 3 4 4 4 4 3 3 5 3 4 3 4 13 4 2 3 3 4 3 3 23 4 3 3 3 3 2 9 3 3
5 6 4 2 2 2 3 2 2 5 3 11 3 2 6 6 4 3 5 4 4 3 2 2 3 4 4 4 4 3 2 2 3 3 2 2 3 8 4 4 3 2 5 3 3 3 2 4 2 4 8 5 2 2 2 13 11 4 8 2 7 3 5 3 2 6 4 3 4 4 3 5 4 4 5 3 2 3 4 3 6 5 4 2 3 7 3 4 5 4 7 3 4 8 3 5 3 3 2 4
3 4 9 5 3 2 2 2 4 3 3 8 2 3 4 7 5 9 6 3 3 4 2 2 4 2 5 3 9 4 3 3 2 3 4 2 2 9 4 3 8 2 3 5 4 7 5 9 2 3 4 2 2 3 4 3 2 4 5 2 5 3 4 4 2 3 2 4 4 6 2 4 2 2 3 3 4 2 4 2 8 3 4 4 4 8 7 3 5 3 2 8 4 4 7 5 2 3 3 2
3 8 4 4 4 3 3 3 4 4 5 4 7 5 7 6 7 9 3 7 5 4 8 5 7 2 4 4 3 7 4 4 1 5 3 3 4 4 7 8 4 4 3 9 4 4 2 5 9 3 2 8 6 10 5 6 2 3 3 2 4 8 7 4 6 5 3 2 4 3 6 3 3 2 2 2 5 4 3 3 3 7 4 7 11 3 3 10 3 7 5 3 3 3 10 3 3 4 3 4
8 8 6 5 2 2 3 10 6 5 13 3 3 2 5 4 5 4 3 3 5 3 7 5 3 3 6 3 4 13 2 4 4 5 3 2 5 3 3 9 4 4 4 3 10 3 7 4 4 6 2 3 4 4 4 3 3 2 4 3 2 4 3 7 12 3 3 4 3 8 3 2 2 3 3 2 2 3 2 5 3 2 3 4 10 3 5 2 7 5 3 5 3 2 3 6 3 9 3 4
