32 31 32 104 45 67 39 155 68 55 36 72 102 44 36 74 93 71 64 57 43 29 51 38 62 29 44 39 42 50 64 42 75 53 31 55 27 36 46 54 45 59 67 34 44 43 82 47 77 64 85 30 50 40 32 120 113 64 119 64 60 49 85 37 71 38 31 22 36 20 37 33 52 39 33 58 35 54 80 53 30 58 42 64 49 63 82 54 89 30 29 68 31 62 96 151 71 51 110 120
56 54 50 42 54 45 53 57 109 84 53 90 88 94 45 31 37 76 51 54 164 46 100 56 69 60 42 60 89 61 81 63 87 48 67 61 132 31 53 61 50 32 49 29 34 56 52 28 59 62 34 49 62 46 27 29 55 57 30 34 98 63 109 135 50 65 47 111 51 47 53 48 52 35 64 57 50 49 31 82 47 39 54 44 44 65 60 77 81 52 42 89 64 52 111 59 41 50 60 40
29 52 95 27 37 26 30 44 30 64 41 74 29 20 44 33 54 32 111 60 69 54 37 104 72 88 38 71 43 65 73 31 44 39 36 76 42 57 52 36 87 50 55 48 59 25 43 58 66 85 55 64 41 35 63 37 28 56 49 48 63 41 74 74 66 39 98 31 46 100 33 59 59 47 38 44 51 57 26 56 44 70 39 30 31 53 67 57 85 76 74 91 53 62 31 73 56 66 47 47
44 36 27 70 25 25 44 61 34 40 92 94 50 74 44 31 39 36 125 79 62 41 85 31 58 30 28 43 36 46 84 73 51 52 42 41 69 55 45 45 89 30 48 36 94 39 90 75 61 73 178 35 55 44 34 57 36 38 84 43 101 52 33 74 106 87 35 46 78 79 22 42 65 54 44 95 41 75 36 92 52 44 76 65 62 225 37 52 55 35 62 78 81 103 66 40 60 162 40 20
79 32 36 50 43 19 57 38 36 48 77 87 56 42 68 115 115 28 96 76 71 40 41 44 51 43 43 97 21 54 39 67 88 48 45 30 28 70 37 68 167 41 42 57 43 47 42 88 54 45 60 45 130 138 89 58 38 127 79 63 42 39 39 61 33 132 60 33 24 33 46 126 132 43 36 78 38 36 54 33 59 104 48 33 87 45 24 112 66 41 52 89 299 96 86 64 46 70 52 31
30 31 31 41 115 52 51 47 27 65 84 98 33 25 34 57 47 68 38 33 57 42 105 42 40 124 36 45 21 25 64 101 32 64 62 53 45 116 44 46 93 34 34 42 54 48 63 36 116 48 80 118 53 76 53 72 86 40 99 114 44 31 81 154 154 31 28 63 49 91 62 35 133 96 46 45 49 48 57 58 41 25 50 34 136 33 48 71 87 102 57 123 101 91 120 52 45 47 29 52
49 56 58 36 40 44 52 46 59 47 50 47 60 28 39 37 79 37 45 34 76 29 56 25 59 50 45 35 50 33 54 35 66 48 62 102 72 75 32 36 39 56 51 48 60 70 105 53 63 47 34 50 40 69 161 64 59 52 57 64 56 98 243 65 75 87 54 62 87 49 42 71 93 52 22 30 50 68 76 68 38 43 48 55 71 41 49 161 30 78 154 208 86 82 41 44 86 54 73 36
32 31 23 44 118 45 89 152 32 33 39 47 104 68 56 40 37 59 64 45 26 58 34 32 89 47 45 57 32 26 34 39 64 28 51 143 33 40 48 23 84 32 31 30 43 51 43 23 38 32 94 34 39 29 103 37 68 45 85 47 64 82 55 45 43 92 63 41 124 76 44 43 38 57 62 32 25 23 34 64 49 138 58 49 31 29 33 55 58 36 74 47 21 25 35 87 64 43 46 29
46 138 30 38 51 56 62 27 35 52 81 31 54 43 74 46 41 34 63 47 27 44 108 45 83 52 54 43 36 38 39 98 122 37 38 152 54 66 45 32 48 42 41 32 123 56 63 29 44 70 114 30 55 49 28 56 56 63 42 65 71 70 50 43 50 40 96 61 37 38 25 36 81 65 39 40 35 36 34 77 51 27 38 81 40 50 37 50 75 67 40 65 46 60 49 100 75 70 41 27
34 148 50 22 45 25 56 19 24 55 40 42 33 34 40 29 46 44 58 126 83 69 56 60 44 45 74 110 47 75 53 28 88 83 63 95 36 49 45 49 125 72 41 46 42 62 69 41 40 38 44 188 53 38 48 53 45 108 57 49 35 56 27 32 37 46 27 57 39 41 33 60 67 59 58 67 47 91 39 29 30 36 35 29 82 34 93 81 65 30 34 176 52 45 30 49 44 32 37 33
61 87 74 45 68 33 67 28 33 50 26 23 34 28 35 46 45 35 26 61 50 60 30 47 52 103 42 49 45 58 38 53 43 52 71 44 32 25 38 64 59 59 57 27 86 53 124 50 24 23 55 51 52 44 30 55 61 49 65 62 41 98 33 54 33 51 60 28 29 43 63 25 66 69 50 65 56 91 42 49 42 31 102 104 71 77 52 33 97 49 40 129 67 40 24 45 27 37 70 67
79 85 54 44 41 54 108 64 61 54 37 51 26 37 56 101 30 26 90 44 75 36 54 41 40 81 40 132 74 61 70 86 41 45 68 59 108 73 39 55 43 57 26 32 22 60 58 68 22 35 49 75 44 40 29 25 43 41 71 65 69 32 51 71 107 37 179 31 41 43 56 46 49 30 44 22 58 39 33 45 84 31 45 86 55 48 85 44 32 47 86 31 46 48 58 39 36 64 56 58
32 48 42 47 57 53 58 44 35 141 82 72 63 82 44 60 74 31 48 71 61 32 25 69 36 33 35 49 146 70 96 32 134 40 93 31 207 70 36 65 60 31 35 36 41 120 59 46 101 81 60 36 65 64 95 31 24 98 64 38 24 38 42 38 28 41 63 51 38 52 71 43 32 39 60 46 38 29 56 29 64 84 67 25 77 70 152 56 157 59 107 79 39 76 28 42 70 25 38 75
40 53 37 35 66 85 60 37 21 57 96 64 138 45 34 32 61 48 69 49 45 55 18 85 31 47 36 57 65 79 109 70 77 34 58 71 40 52 66 76 40 36 99 94 50 47 68 64 31 22 57 37 49 62 44 30 41 170 90 42 34 25 29 38 59 94 90 43 71 74 76 106 48 92 75 55 57 43 76 47 99 180 161 39 53 61 48 43 47 45 62 70 37 57 119 45 36 50 39 32
59 51 28 139 71 56 52 66 24 48 57 69 36 33 48 33 51 46 40 65 50 51 46 36 40 36 52 25 62 52 49 65 84 45 37 193 27 49 160 48 74 134 73 29 52 48 24 61 66 23 28 21 30 51 42 94 75 70 61 90 61 56 77 48 34 39 60 60 96 62 65 205 43 60 157 70 34 49 45 27 123 49 78 113 43 57 36 51 39 42 87 29 81 48 70 76 46 39 41 70
36 79 45 51 40 44 37 30 85 39 47 30 36 44 45 32 28 64 37 81 118 24 92 95 32 33 48 76 33 53 34 65 35 56 54 63 75 64 43 27 47 31 29 52 83 29 23 58 42 71 23 40 50 44 37 61 40 61 86 130 67 33 39 90 64 34 80 79 52 31 54 138 63 60 60 39 41 27 65 70 78 71 147 50 65 40 59 54 48 33 66 49 39 43 52 39 32 78 32 98
79 33 38 35 41 39 49 76 57 40 50 75 38 56 92 41 42 35 33 27 41 39 76 47 35 35 45 59 43 40 71 42 30 56 48 51 35 56 80 27 57 43 45 42 22 43 72 31 31 52 68 45 31 71 49 45 45 25 21 31 66 133 49 59 44 25 40 55 60 41 53 64 149 51 40 108 57 23 20 58 129 56 95 72 74 43 47 31 67 46 39 45 96 49 35 31 38 29 36 28
56 34 38 37 27 37 40 42 35 97 34 105 34 25 75 24 37 27 38 25 33 35 82 49 50 38 19 41 38 26 63 59 40 56 35 35 55 80 56 24 29 67 48 108 68 50 64 51 29 27 40 41 117 40 46 40 41 63 42 41 81 87 74 26 73 62 39 52 88 42 75 68 189 52 48 114 61 55 57 48 82 37 62 28 24 33 37 54 48 71 38 78 55 92 60 80 37 23 51 89
49 42 102 40 101 36 47 88 66 90 39 38 72 43 64 164 68 34 34 26 37 41 48 111 24 27 106 72 40 71 130 42 44 45 39 75 34 26 38 53 30 45 54 69 38 20 16 50 68 72 81 56 40 38 86 65 35 31 46 33 40 34 36 76 32 40 22 33 53 56 76 45 35 48 57 69 52 44 59 108 62 18 54 71 29 43 103 49 21 58 33 103 37 77 52 41 64 52 34 73
44 105 49 42 33 73 30 47 50 52 63 43 71 72 48 35 41 29 74 86 24 31 41 38 88 62 38 47 26 43 50 54 63 49 117 58 45 44 56 101 33 40 47 69 56 25 44 26 30 29 53 76 45 137 61 63 61 90 63 147 64 27 42 114 51 49 64 52 68 116 38 61 114 31 46 32 52 47 46 36 76 36 33 83 54 48 35 71 30 29 31 105 96 51 71 57 65 171 67 53
43 46 48 50 42 45 29 33 55 61 59 88 43 39 48 63 39 37 84 50 31 63 38 43 62 35 69 40 59 41 26 96 46 128 28 40 51 45 33 50 43 36 41 44 50 34 42 35 114 180 90 75 140 68 39 29 83 39 40 32 49 104 74 79 36 20 53 113 45 72 116 98 90 50 29 57 37 43 51 60 107 38 124 82 47 30 33 43 92 76 33 93 95 36 66 47 54 43 37 74
19 41 44 78 41 58 50 25 62 37 60 137 49 99 101 50 35 53 70 49 41 126 28 148 35 60 86 117 65 48 28 40 39 26 71 43 35 26 32 89 60 51 46 26 50 93 40 52 60 54 27 31 46 50 67 44 72 38 28 78 33 41 40 59 47 39 65 116 60 69 52 70 52 52 60 64 45 40 52 71 48 55 44 42 26 30 39 69 88 79 29 56 61 45 64 31 48 37 42 59
35 71 57 26 41 67 53 86 39 26 30 65 68 122 56 45 87 50 71 101 46 51 58 50 93 72 36 94 86 125 140 83 50 54 61 41 47 148 86 36 53 92 85 70 26 24 47 38 31 51 36 42 72 111 60 69 43 26 26 44 41 70 28 51 89 42 90 37 40 28 38 31 29 63 39 79 68 62 91 56 47 32 40 31 28 69 75 69 82 61 55 79 38 67 97 71 34 39 33 59
49 44 49 87 45 131 35 50 23 38 61 50 38 69 38 54 86 51 23 40 66 115 79 134 119 63 86 32 161 39 59 81 28 38 27 47 49 112 72 37 31 75 90 29 50 53 24 68 25 38 25 87 59 51 72 38 26 55 32 30 74 28 44 52 50 63 89 47 83 50 32 50 65 30 74 42 50 51 20 74 36 35 142 54 50 38 60 63 53 74 54 40 42 41 51 48 126 30 35 47
43 75 91 60 51 35 29 45 49 42 70 38 39 34 58 39 50 53 52 30 38 57 56 53 50 39 44 91 76 35 91 123 74 44 46 22 24 33 48 213 72 94 85 57 71 63 54 105 59 56 52 55 29 65 36 26 47 40 58 34 107 37 51 114 73 47 65 47 87 29 35 57 62 68 66 41 63 86 47 72 45 72 86 90 36 71 39 73 59 119 48 60 33 58 74 58 90 57 94 38
48 69 50 44 58 41 34 70 66 69 43 189 65 32 59 82 44 47 22 28 58 57 125 54 161 36 40 49 48 39 41 43 59 39 23 23 45 81 50 101 91 78 63 49 40 65 46 63 39 62 25 35 61 87 42 114 32 42 36 35 63 31 35 67 51 43 61 32 113 29 31 50 108 66 97 61 39 47 76 85 37 43 43 27 40 47 48 37 56 45 65 51 96 41 64 48 265 71 44 97
45 90 47 37 57 74 55 31 30 53 38 56 49 46 79 134 74 57 37 34 135 55 57 28 106 38 97 107 28 25 28 47 29 39 116 48 46 102 36 83 42 70 58 42 71 68 39 40 25 25 66 86 74 84 115 84 55 52 42 26 68 69 92 61 28 33 28 23 80 75 32 71 45 70 75 95 74 38 53 32 104 55 71 35 40 61 27 45 41 91 50 79 57 44 77 81 66 51 55 30
106 71 63 58 42 66 54 29 27 41 28 35 79 45 56 42 40 56 37 49 40 30 62 69 38 38 29 96 34 38 34 39 29 18 84 50 42 63 49 168 70 45 29 38 94 40 31 76 26 117 53 57 84 119 54 43 41 68 68 206 86 100 66 67 32 55 50 73 31 39 39 90 26 28 48 141 46 29 62 63 53 80 72 74 34 57 49 137 36 51 65 58 60 46 44 58 37 63 39 66
48 54 44 54 65 71 66 27 21 70 79 51 50 47 48 54 62 62 37 62 43 48 20 46 137 30 44 49 50 41 42 36 53 53 26 40 34 30 35 34 79 67 77 49 37 40 49 34 34 60 46 62 35 43 122 55 103 88 33 67 41 65 64 40 148 76 136 35 30 29 28 18 26 54 45 46 34 72 28 53 50 44 58 64 32 31 77 56 35 77 70 53 72 52 42 60 29 44 56 78
132 48 50 48 53 92 43 55 26 69 42 41 82 48 48 38 65 42 22 115 22 39 56 44 30 54 31 97 40 41 44 29 80 63 42 64 51 32 63 55 72 67 56 108 50 82 62 30 17 112 35 94 56 44 58 27 41 60 28 64 62 52 38 50 84 26 66 41 31 36 60 29 27 83 45 52 47 61 42 29 42 78 60 142 53 94 39 116 78 52 98 30 39 24 55 30 58 83 85 61
29 32 70 84 37 97 69 67 32 40 65 60 39 35 35 24 59 58 35 34 37 50 49 55 70 61 43 100 47 29 33 27 28 59 40 77 47 40 29 39 48 76 39 84 96 29 79 30 33 38 57 48 38 108 87 67 48 46 35 57 31 77 53 55 36 63 25 59 24 27 29 69 69 28 59 102 64 36 35 57 35 54 147 87 64 115 53 98 58 72 63 71 39 45 137 30 101 73 34 30
32 77 35 33 77 51 26 48 31 77 36 28 35 49 30 49 41 59 64 34 47 44 31 50 34 44 77 123 112 56 24 61 58 31 58 48 32 40 33 60 33 32 33 79 75 32 35 41 146 33 34 68 125 55 62 35 80 36 68 34 58 124 31 50 29 45 102 56 35 42 34 42 27 61 32 55 64 42 21 37 44 56 57 45 32 72 92 32 34 186 83 139 48 141 56 61 38 108 97 141
70 56 65 40 67 58 52 90 36 29 35 25 49 76 49 48 48 43 73 37 38 69 56 59 57 52 64 66 41 43 36 39 38 98 52 42 148 59 34 47 37 34 37 52 38 31 37 45 53 39 68 93 42 43 36 79 60 57 35 40 59 43 36 85 44 40 40 28 71 20 23 56 70 37 25 20 86 56 22 30 62 48 42 38 120 42 47 22 48 58 138 98 72 51 119 52 46 81 52 163
44 42 66 98 67 33 30 45 34 31 58 80 36 32 113 109 82 44 268 73 64 42 49 44 32 136 56 31 77 66 42 40 45 19 68 154 54 35 69 23 28 75 29 36 68 76 25 40 64 27 53 56 95 57 35 89 42 44 51 30 39 51 197 30 68 63 64 45 52 55 37 43 32 48 44 51 42 63 38 38 150 36 26 40 41 84 104 69 27 28 61 34 28 93 62 59 43 72 59 28
55 42 45 41 42 97 34 29 75 95 42 43 46 63 40 45 29 39 66 104 75 64 50 82 55 85 44 107 90 49 118 146 59 24 55 60 52 48 33 30 39 43 21 53 96 106 61 95 41 60 47 53 73 61 31 81 81 41 61 34 46 29 38 68 105 39 23 27 55 73 29 30 45 70 43 81 42 166 47 95 49 63 66 60 55 67 45 51 60 33 45 38 33 104 141 74 66 33 150 61
67 80 90 45 28 32 35 28 52 45 64 39 62 43 52 35 45 112 55 46 65 30 118 114 40 34 87 110 41 32 44 30 49 31 53 40 38 81 54 47 58 55 79 57 46 70 54 43 38 62 25 28 40 42 66 27 72 36 63 53 44 44 48 24 26 36 43 48 51 73 41 74 30 58 39 50 58 157 35 23 42 59 40 80 39 50 41 33 23 49 73 55 47 49 89 72 34 76 61 42
41 93 113 42 33 90 38 45 43 54 43 67 72 49 48 42 60 29 109 79 41 68 153 84 55 114 46 43 58 39 31 32 34 64 30 51 34 27 51 64 90 30 91 39 73 81 55 211 42 33 54 68 57 48 42 39 63 56 69 196 93 40 65 55 45 55 40 26 31 28 48 66 46 67 36 33 48 54 81 62 54 81 53 75 136 44 49 55 25 59 58 102 54 51 86 41 55 229 63 32
68 37 57 39 72 40 51 56 28 32 40 47 23 39 78 86 45 36 47 45 81 78 105 81 86 84 45 49 141 63 102 109 46 41 53 30 41 30 44 56 69 53 60 39 63 156 25 33 123 30 27 49 56 30 30 45 38 53 48 139 37 58 201 84 49 53 27 24 30 200 98 61 50 35 27 58 62 54 29 76 41 65 43 47 51 61 60 55 49 84 76 68 226 77 68 39 78 86 50 122
34 75 66 44 44 53 45 29 77 103 62 45 76 77 30 34 55 40 47 44 98 54 41 54 67 39 83 105 53 50 54 46 52 50 61 90 38 35 55 160 45 49 84 26 83 38 89 74 41 25 38 53 26 33 100 57 99 32 76 52 58 100 30 28 32 33 25 106 28 65 55 47 145 53 46 100 161 62 57 34 90 46 55 56 60 218 87 77 58 58 28 27 88 36 101 98 145 42 44 42
87 55 70 40 43 35 54 37 57 48 31 77 24 47 63 43 51 33 80 38 39 64 38 55 32 51 103 67 55 55 35 32 26 27 32 37 38 75 85 46 67 114 42 23 52 43 35 102 58 44 42 80 28 31 36 65 37 36 36 58 65 90 39 68 76 62 49 45 84 38 50 44 103 97 42 93 44 59 95 135 57 55 36 59 44 58 69 111 45 43 61 47 81 106 54 50 85 50 34 51
36 66 68 43 71 51 34 47 40 62 89 32 41 53 49 82 84 44 83 24 30 51 62 62 57 121 103 29 51 34 98 71 35 89 45 46 37 91 76 37 55 44 36 25 65 37 67 58 52 27 54 44 59 32 93 40 44 51 39 87 88 63 36 31 55 40 47 40 49 29 54 30 38 36 46 85 34 37 60 33 94 56 46 83 76 43 46 77 43 19 38 35 111 120 47 56 64 28 47 48
82 80 60 48 38 162 123 32 27 39 31 32 67 43 31 77 87 88 83 40 76 46 46 38 59 44 67 56 89 34 71 48 34 67 45 52 62 46 73 61 76 62 36 29 69 40 75 30 55 42 40 62 43 57 49 74 79 49 48 126 149 219 83 49 140 50 28 52 54 47 28 42 88 73 125 47 29 34 62 56 71 35 65 37 65 95 39 131 27 37 39 49 44 44 40 46 102 30 50 40
32 32 88 100 42 37 49 49 76 42 30 34 52 40 77 31 84 34 39 84 80 77 61 57 46 51 37 46 37 38 35 46 51 90 41 37 53 119 45 86 49 50 37 61 58 65 58 75 45 34 28 33 109 40 74 83 144 36 36 77 76 64 72 75 63 38 56 50 30 50 32 48 47 43 64 132 34 37 46 116 64 36 53 78 59 62 36 36 37 23 49 81 34 47 75 83 41 40 40 65
32 49 62 51 71 45 29 33 42 64 66 46 98 57 100 61 78 37 34 64 48 41 67 47 56 52 41 47 55 39 47 75 54 123 45 29 46 44 36 90 71 28 53 32 36 91 30 44 37 66 42 64 68 69 37 88 52 56 191 65 120 40 37 54 41 62 39 69 66 30 48 81 59 40 39 76 34 32 26 54 69 50 52 37 59 30 54 42 25 33 45 75 29 42 55 127 45 54 60 28
52 36 32 56 62 49 39 90 42 70 47 34 36 37 51 37 47 29 46 27 75 54 62 82 49 71 80 52 50 98 52 80 98 56 169 187 53 105 38 53 43 53 39 30 38 42 25 38 40 56 39 78 70 70 61 88 52 65 98 58 109 102 73 45 47 42 32 51 73 33 37 56 91 39 48 54 41 46 35 62 52 70 51 138 35 81 188 55 49 54 33 57 47 46 45 45 45 25 32 32
36 87 57 42 62 135 24 32 76 33 46 33 39 103 33 62 42 34 37 56 53 86 33 72 63 49 47 275 54 32 45 71 57 74 60 74 191 85 55 47 33 33 55 48 67 42 55 44 39 60 86 31 144 44 55 55 74 42 34 47 47 77 45 75 50 43 60 59 40 95 51 62 55 60 76 55 43 40 58 109 52 30 60 20 33 36 46 61 112 27 36 51 92 86 39 57 25 27 92 38
37 80 95 42 40 34 51 30 54 49 53 58 57 50 48 62 99 64 24 36 39 44 94 33 36 65 74 21 52 59 40 69 35 173 69 50 36 43 66 43 77 42 59 119 37 187 46 29 51 37 35 62 128 78 89 49 143 46 73 123 59 40 76 66 46 62 49 84 40 31 50 44 72 86 32 61 103 66 41 106 73 71 41 45 33 53 43 39 73 46 46 35 46 63 35 51 38 33 31 77
22 43 90 39 45 49 40 51 51 103 89 31 50 43 25 41 152 89 44 64 76 35 51 75 58 112 73 83 72 69 33 50 28 125 91 52 84 53 112 66 43 46 36 54 33 46 25 47 36 79 36 157 48 43 39 44 48 30 50 69 59 40 88 75 45 106 28 51 61 53 76 39 56 39 61 74 69 74 91 56 96 44 56 37 29 36 27 50 56 57 84 25 55 39 67 35 25 63 60 31
33 84 46 81 67 34 46 49 45 51 50 63 34 38 48 189 72 67 33 75 36 39 21 44 146 48 39 81 138 61 62 120 40 51 94 37 44 40 37 140 36 50 46 144 70 34 44 129 51 55 32 34 30 91 50 44 61 42 43 57 56 43 39 34 54 362 49 68 36 41 48 57 48 25 31 49 106 58 49 47 108 49 34 37 79 30 48 114 28 60 32 21 43 55 47 46 166 29 74 51
46 80 49 36 65 67 32 31 27 68 56 85 46 30 53 28 63 55 45 48 30 174 86 72 155 47 55 58 130 83 38 82 35 67 48 69 51 132 68 54 92 62 48 84 40 70 56 64 77 84 49 56 31 111 77 45 44 42 74 66 61 47 55 33 67 69 54 63 72 65 89 44 83 45 38 70 74 88 51 208 45 35 200 43 56 34 104 107 43 60 41 40 50 35 64 75 80 55 80 78
61 25 33 76 37 43 83 78 97 46 102 61 56 72 34 50 72 55 54 31 65 85 36 59 74 50 90 85 60 37 52 76 66 75 71 50 39 36 67 45 48 71 31 62 61 46 51 37 38 46 35 128 58 98 46 106 148 58 27 34 41 42 49 102 33 43 26 33 28 48 76 50 39 85 41 71 41 21 30 89 39 69 37 21 29 43 72 51 36 36 29 56 22 77 90 34 51 186 65 39
30 39 28 55 45 59 66 44 55 88 40 48 35 32 54 42 29 36 53 79 100 40 41 32 35 84 48 36 131 48 92 41 29 31 45 39 54 49 63 29 41 36 39 57 40 96 37 91 42 41 39 103 33 21 79 175 63 42 60 45 36 86 41 60 49 19 39 55 101 31 51 71 77 33 66 86 79 40 97 19 41 31 98 46 49 66 20 37 65 59 27 31 35 21 77 43 84 76 42 24
45 42 27 32 66 33 42 52 50 69 57 31 41 53 171 41 39 57 132 111 42 38 88 63 130 38 71 120 43 42 52 55 34 97 54 77 40 42 45 56 57 50 26 74 85 29 105 64 67 23 46 115 44 33 64 36 39 45 107 60 57 31 32 33 66 23 57 69 49 29 43 41 93 21 47 52 60 60 21 28 31 35 38 47 39 69 37 70 48 30 39 47 63 138 35 67 34 126 25 20
29 31 55 32 45 43 25 44 107 68 36 41 53 44 85 35 33 102 53 42 90 43 47 110 69 37 75 56 62 54 64 36 74 50 75 62 45 83 49 40 64 41 34 30 39 28 50 70 81 52 68 86 92 44 86 67 28 40 75 72 86 20 53 25 101 42 72 112 81 88 31 64 42 25 41 49 46 41 43 35 48 67 45 83 73 51 39 17 40 33 63 119 88 34 70 98 75 89 62 34
39 39 67 83 55 37 36 38 56 54 58 33 61 27 102 30 48 26 70 35 44 76 166 89 67 82 52 123 39 30 79 27 49 31 37 32 69 40 68 41 31 33 69 86 30 41 49 84 26 40 31 85 93 39 33 55 51 75 51 51 32 29 45 26 66 65 60 19 38 50 33 49 42 38 42 38 80 62 25 40 51 34 173 27 47 34 71 33 34 31 74 57 37 29 42 49 32 41 50 58
50 50 84 69 53 114 65 82 74 110 51 43 40 69 64 56 49 33 100 44 31 66 80 49 73 79 42 43 52 66 42 33 46 44 52 102 48 40 22 78 45 49 27 58 38 69 16 51 45 52 25 56 45 43 65 69 65 96 71 35 56 73 64 44 45 57 31 42 54 34 65 38 41 97 88 49 36 54 83 43 76 69 59 27 34 39 45 30 51 35 32 37 47 38 56 31 60 56 78 35
92 119 32 51 29 29 31 83 43 42 38 57 38 25 37 52 60 34 27 46 28 34 33 120 128 60 51 49 37 44 62 49 71 29 26 29 50 36 37 27 22 43 111 62 45 64 46 73 90 71 45 29 58 55 29 52 75 43 62 64 77 54 77 44 23 48 101 55 52 47 33 50 54 48 47 30 43 90 107 47 49 47 49 40 71 50 30 63 27 24 66 34 34 33 32 51 113 103 28 71
38 58 35 91 79 46 56 85 73 48 36 36 86 27 39 37 34 52 45 30 58 35 26 104 81 44 66 60 41 54 34 83 71 30 38 26 47 50 85 96 43 56 51 52 43 34 41 36 27 64 70 59 38 27 41 55 27 24 40 79 39 64 30 40 26 47 74 27 86 64 45 86 42 48 47 37 25 64 52 37 24 55 83 38 104 52 36 30 37 31 59 47 88 44 28 53 84 48 37 36
115 57 51 58 57 57 57 60 92 68 60 34 45 55 64 102 32 39 31 22 42 48 42 90 60 53 71 35 68 26 40 73 39 58 45 100 42 40 60 62 54 63 40 34 89 63 31 23 61 67 48 76 52 51 54 63 35 69 85 37 64 39 44 40 51 37 60 64 42 71 154 58 43 44 38 30 60 35 35 43 47 35 34 48 32 54 47 44 51 96 51 114 37 104 73 57 34 48 41 32
46 57 60 60 59 32 43 98 52 80 68 65 43 44 59 62 74 57 39 29 44 29 39 93 52 33 66 55 86 35 95 113 49 41 39 54 40 75 39 101 121 61 51 61 43 68 68 35 51 40 86 68 63 34 98 37 45 98 105 37 27 28 27 48 88 32 40 64 156 57 85 40 91 47 83 48 49 69 79 52 50 39 76 45 46 71 80 47 52 44 38 59 73 110 39 73 25 45 37 37
94 46 75 53 36 48 60 48 67 34 67 46 80 53 35 44 36 43 57 72 40 35 66 68 43 52 64 59 42 46 84 88 82 23 37 44 32 75 27 35 48 115 45 35 50 84 33 43 64 34 51 44 92 32 54 29 130 88 51 42 41 30 28 40 109 143 91 111 51 28 31 25 35 42 81 83 43 72 35 38 40 67 63 23 32 41 65 77 64 67 39 68 54 56 29 29 46 45 51 54
123 49 35 46 23 33 59 78 40 47 18 52 76 53 66 37 70 85 143 62 43 30 55 42 38 24 55 28 35 121 53 139 44 64 62 33 37 25 75 44 38 36 40 57 21 31 42 64 50 62 36 32 86 35 85 98 83 49 38 53 35 46 35 42 123 50 75 47 71 126 75 121 50 44 121 50 263 149 83 152 114 42 36 45 83 35 111 80 49 38 42 39 39 61 84 53 52 129 71 96
63 48 32 30 47 71 142 63 84 31 32 22 45 44 43 64 47 55 81 43 63 43 40 85 46 38 42 57 41 67 64 76 57 49 80 36 53 43 31 31 37 49 154 52 54 119 48 45 44 34 60 42 51 29 37 51 32 55 44 34 47 56 29 31 95 45 53 48 44 32 112 48 74 53 62 80 71 41 71 58 35 68 46 41 85 69 54 31 48 48 33 56 53 28 20 38 32 36 58 40
28 57 35 35 47 77 75 56 42 43 35 72 44 59 31 52 101 88 67 62 71 66 30 73 36 55 36 69 55 50 37 122 32 74 68 38 37 28 21 57 40 40 68 66 28 53 36 57 32 54 43 46 21 68 32 36 37 35 73 70 26 52 44 27 37 53 43 120 45 50 45 37 57 101 40 72 50 62 32 43 58 46 111 127 53 49 51 254 36 59 31 98 38 71 36 80 27 56 46 78
42 80 94 54 28 69 52 33 57 34 51 35 25 44 75 28 119 68 39 41 28 22 50 33 48 42 69 72 48 54 41 35 42 46 51 33 22 49 27 26 36 64 50 78 50 78 67 61 29 53 47 24 51 50 39 66 94 27 46 48 17 37 51 96 61 101 44 72 59 60 58 82 101 56 40 40 50 62 81 69 25 43 46 188 65 80 57 75 28 90 42 79 51 32 32 61 53 33 42 29
139 36 67 79 44 64 50 55 38 37 26 30 24 55 24 76 61 71 58 121 42 101 69 77 130 74 56 54 72 39 37 42 30 28 44 34 52 38 52 41 64 63 83 38 47 34 41 36 96 53 85 31 47 49 60 152 52 42 130 44 29 56 31 72 98 26 27 68 48 52 179 82 38 69 152 78 107 44 68 44 39 87 40 31 52 113 107 41 33 53 49 64 53 49 22 52 68 88 30 40
68 76 36 35 51 42 92 52 47 76 81 97 34 60 41 51 36 77 32 40 42 60 35 55 57 67 43 33 33 52 88 36 35 96 31 58 51 45 43 43 78 53 45 124 98 77 29 82 35 39 119 28 39 45 29 39 45 60 76 41 51 111 46 119 26 31 39 44 36 84 46 66 57 43 102 70 54 28 72 71 92 50 44 27 31 21 36 46 49 34 32 51 141 99 29 56 55 26 52 45
41 48 31 31 36 62 41 40 28 114 65 29 34 72 28 76 75 45 84 88 91 30 77 28 58 105 47 32 46 42 68 55 25 37 44 60 93 44 51 40 29 41 74 130 56 43 60 33 32 56 45 48 62 35 35 53 33 37 74 64 80 29 44 53 42 79 51 139 44 50 42 46 42 57 75 72 39 45 66 56 104 27 39 28 45 32 38 26 57 33 100 22 37 76 31 27 18 54 93 37
60 65 38 38 39 83 75 30 34 57 75 59 72 42 88 46 45 29 26 64 48 42 51 75 41 43 44 30 51 34 64 86 21 39 52 62 79 51 40 31 57 52 66 116 46 58 53 36 33 64 56 44 60 47 56 98 66 30 88 72 41 59 38 34 44 123 40 77 56 29 64 48 64 38 80 75 30 45 40 50 28 80 28 53 36 23 34 30 60 50 33 27 31 56 37 41 51 134 40 23
76 65 114 79 64 65 47 122 80 57 104 31 36 46 104 41 24 14 63 58 50 96 64 52 131 49 59 60 40 94 32 67 79 47 36 22 43 58 44 52 49 26 106 64 61 80 50 55 120 54 60 69 70 33 50 32 44 66 57 41 57 52 36 71 65 74 20 27 38 54 39 108 31 46 37 47 32 84 46 38 45 70 27 30 52 26 61 63 32 49 66 37 74 47 36 31 40 44 22 25
47 28 44 35 38 34 52 32 32 27 40 24 46 41 40 32 56 58 53 47 72 47 50 43 48 102 25 89 49 76 64 75 30 40 39 31 34 66 39 27 39 47 50 154 68 97 33 26 52 68 166 68 32 61 29 41 49 73 58 21 60 40 90 66 86 38 29 29 38 38 84 51 33 51 48 66 39 59 24 34 49 49 46 22 69 22 52 32 38 54 92 47 70 35 42 43 28 55 30 90
32 23 39 62 28 31 26 22 42 32 27 35 40 54 39 58 93 41 68 44 78 41 33 34 45 58 25 65 77 62 100 58 34 53 32 27 26 29 45 104 30 60 92 49 57 60 50 87 75 49 57 37 52 122 40 81 56 47 84 118 46 57 40 60 85 40 41 40 20 39 22 43 34 37 35 51 91 44 46 35 33 43 52 36 30 43 46 38 70 29 45 36 42 81 49 45 31 52 48 45
39 26 57 108 32 48 43 36 63 24 60 34 77 61 38 95 45 104 35 25 55 108 82 96 59 185 61 56 55 73 40 48 29 50 30 52 44 34 47 42 53 52 92 47 29 58 41 101 108 69 72 54 26 54 43 29 28 24 73 36 31 32 56 87 83 39 42 31 30 115 97 40 28 56 42 58 86 62 39 68 32 163 26 58 52 56 38 73 41 97 43 60 114 88 75 66 49 67 32 43
115 36 90 116 31 38 54 53 24 28 44 53 58 40 41 64 24 44 37 29 88 56 47 52 33 47 49 89 81 65 85 46 54 46 104 68 42 49 48 22 48 69 57 76 80 89 31 100 42 43 117 36 39 58 62 28 33 67 58 35 33 19 31 28 39 62 51 83 34 29 54 62 33 32 29 47 50 85 59 30 41 36 79 71 107 110 57 34 59 87 64 65 46 28 74 20 45 80 46 63
41 137 27 67 63 56 29 26 25 33 28 35 55 56 30 48 55 44 31 30 20 23 107 67 52 58 45 49 59 79 44 69 96 50 65 41 58 61 26 29 103 115 65 120 83 37 41 36 47 67 27 52 35 39 28 28 48 43 36 69 44 35 27 39 34 31 42 58 84 29 45 35 43 21 105 81 72 72 48 116 82 44 35 46 35 31 49 41 37 96 48 50 27 21 50 35 22 33 24 66
51 73 48 72 27 41 49 27 59 42 128 99 54 70 75 45 40 32 30 61 53 58 94 42 76 77 27 34 101 65 82 89 38 155 150 69 38 93 59 67 33 75 58 87 53 50 48 40 64 171 63 36 39 45 56 37 86 42 37 17 20 19 40 30 37 32 34 47 66 36 28 43 74 16 27 49 75 104 63 61 66 56 112 50 27 121 35 42 42 39 93 80 26 39 27 63 77 49 57 98
68 37 43 70 38 28 64 54 45 40 42 95 69 50 185 43 42 32 95 49 96 69 58 79 102 43 36 46 58 56 73 100 170 63 44 25 23 49 60 49 47 33 22 33 62 77 41 58 76 55 93 20 28 50 42 68 30 51 43 58 47 45 60 31 65 75 32 40 68 31 38 26 77 26 73 63 54 90 71 75 39 71 39 33 38 21 49 20 25 43 108 60 54 111 60 67 41 74 47 73
55 56 61 45 70 49 73 51 62 22 24 29 181 50 71 63 59 55 75 87 55 70 51 56 45 46 55 58 27 31 44 37 55 55 63 128 39 105 49 29 59 48 98 71 99 24 99 71 59 59 53 74 70 41 81 39 25 20 29 129 72 32 50 22 39 34 27 38 66 36 40 39 22 32 34 48 66 49 44 55 70 74 80 43 22 28 38 25 95 54 56 42 67 48 46 32 45 79 40 73
61 25 49 48 63 71 36 43 31 49 63 41 55 87 69 88 60 45 54 66 44 194 125 40 33 106 57 46 49 59 126 49 45 77 47 80 52 62 63 69 24 34 76 31 84 129 145 118 43 44 70 56 40 37 45 43 49 69 56 71 35 23 44 33 36 32 52 48 51 39 45 44 25 63 59 36 40 25 24 64 76 72 39 46 37 63 45 68 93 48 42 28 101 48 46 40 53 66 114 35
63 40 36 32 54 64 45 132 54 53 36 54 57 21 121 59 28 53 38 44 51 51 97 53 118 37 35 50 77 46 56 35 51 62 54 83 60 46 69 84 29 33 40 59 34 49 60 32 86 98 43 49 31 23 51 27 38 31 52 24 40 36 43 38 32 32 30 25 49 61 49 47 55 29 38 35 58 49 62 35 70 47 45 77 29 30 58 64 56 28 90 65 79 51 30 36 65 96 30 44
30 50 24 30 52 92 37 51 111 41 40 40 27 34 50 85 34 26 37 133 35 51 42 71 185 35 48 127 38 70 63 92 118 28 23 39 35 71 69 53 23 28 33 36 29 43 92 30 58 39 32 41 31 57 31 29 39 58 35 40 35 37 38 66 33 27 34 36 28 48 25 58 114 35 30 48 37 151 51 44 30 78 52 55 119 42 34 68 50 65 23 54 35 69 33 25 39 71 47 51
31 32 40 30 59 53 45 35 112 232 25 54 47 44 56 47 116 77 48 50 39 50 48 159 53 35 50 56 72 66 188 81 58 69 29 49 63 43 32 61 44 33 36 56 98 87 114 135 51 69 34 30 62 40 86 71 24 73 39 41 106 38 28 29 36 84 40 32 97 43 74 51 65 39 126 46 21 65 27 37 31 117 67 47 79 46 34 41 46 33 44 107 50 92 45 61 57 70 42 44
52 49 35 63 39 44 52 38 74 163 50 60 70 69 52 83 41 39 62 245 89 39 28 46 57 72 98 48 62 49 23 60 37 41 39 55 76 119 75 57 71 59 96 39 81 64 70 43 87 31 27 58 47 37 160 85 32 32 69 91 50 54 29 29 44 99 99 62 35 51 64 47 87 49 66 39 132 45 79 26 39 61 42 82 79 60 66 33 25 50 31 64 40 63 33 36 68 69 66 36
49 82 65 55 72 52 34 35 33 42 85 56 218 44 27 71 62 49 32 42 39 63 34 129 32 60 44 100 30 37 55 65 35 31 47 36 39 63 63 68 57 63 36 47 63 46 46 37 20 55 31 48 70 38 43 72 120 25 28 34 32 45 34 51 60 28 38 65 36 42 59 60 59 52 37 40 37 29 47 43 36 44 51 50 38 53 68 97 39 31 31 33 43 32 114 29 29 43 69 55
70 57 102 129 138 108 77 43 61 40 68 45 44 47 41 30 76 30 64 82 70 50 81 43 45 42 90 51 45 130 55 63 36 40 46 50 35 44 58 53 156 60 52 39 35 91 44 30 178 55 131 51 57 47 34 32 32 44 68 42 20 32 39 50 53 59 38 99 87 36 40 127 54 24 22 30 76 53 32 26 26 25 64 40 32 67 87 79 38 45 51 44 92 53 52 104 75 68 47 44
35 35 47 32 42 216 57 34 95 60 105 48 38 67 53 35 29 25 61 41 113 209 56 44 38 37 46 54 80 43 59 169 46 31 42 65 25 93 42 51 75 59 47 172 54 39 28 32 73 145 161 35 29 34 42 45 28 52 48 80 53 44 80 46 39 77 36 40 65 77 40 76 39 44 30 53 48 55 49 31 79 60 31 46 68 53 37 63 52 52 43 42 40 43 45 40 74 36 41 66
41 31 46 85 32 42 55 28 95 44 57 60 33 36 59 88 131 42 33 35 98 60 39 41 62 36 34 35 55 91 61 79 43 68 32 34 19 38 51 50 76 32 41 53 41 33 21 33 59 68 54 78 51 79 45 90 29 53 24 56 40 70 97 45 29 53 96 72 42 28 28 91 44 68 35 32 37 112 151 41 146 44 43 38 63 46 44 39 57 57 39 54 49 32 72 54 37 47 66 46
44 29 34 28 39 28 53 38 63 55 22 19 35 53 34 101 47 46 112 37 44 42 57 37 55 77 39 48 27 33 54 37 83 107 23 26 36 97 138 50 48 79 49 105 63 41 28 52 47 81 27 87 38 52 56 56 31 27 42 103 70 61 57 105 45 187 25 100 33 50 48 40 38 45 37 64 31 90 27 38 42 51 70 33 45 54 44 41 39 42 107 46 68 76 42 80 34 67 26 62
47 82 40 63 59 47 44 31 61 57 44 41 39 52 55 60 29 37 73 52 35 32 42 63 82 81 45 51 51 35 45 39 60 44 31 38 73 39 82 81 50 33 41 80 89 47 48 81 25 34 29 88 42 43 97 58 60 56 30 59 182 103 57 53 53 113 115 65 87 65 60 73 35 24 39 73 76 59 35 58 40 109 85 105 46 38 33 45 40 50 34 33 38 37 84 144 42 36 32 42
38 84 36 58 31 33 45 40 29 28 36 36 29 36 86 33 29 92 40 49 48 28 36 36 109 58 36 90 62 51 42 101 42 49 81 33 63 30 62 45 35 39 45 80 48 25 55 24 53 35 45 30 39 31 56 77 43 71 26 86 84 35 58 46 61 31 35 30 79 137 42 35 73 44 33 62 47 65 42 53 56 66 81 51 34 61 33 42 32 60 50 28 50 50 69 44 30 37 50 72
48 31 43 51 36 33 35 30 54 43 36 29 77 100 122 65 35 40 62 84 47 48 68 43 62 53 76 25 51 59 53 74 65 30 31 51 64 36 37 55 58 33 66 30 38 27 43 22 77 60 70 77 44 26 27 53 39 25 24 31 110 88 20 39 61 33 81 59 58 69 39 53 42 37 30 53 64 58 57 42 85 62 70 41 44 29 21 42 36 64 126 36 42 61 74 35 97 52 39 61
24 36 39 46 60 41 23 53 34 50 47 42 49 42 70 113 57 38 34 43 55 43 43 124 50 73 41 64 75 59 42 43 28 84 28 96 64 63 43 83 179 70 28 27 21 32 30 86 64 77 94 44 37 41 26 21 41 69 46 23 46 69 39 52 52 125 63 45 85 41 36 57 23 34 63 26 48 40 79 103 104 32 74 36 19 29 21 24 31 155 35 54 54 94 30 53 39 49 114 37
43 32 95 40 76 35 43 49 160 76 35 37 76 51 84 71 90 63 99 108 45 40 73 37 36 44 32 29 68 34 72 60 47 49 37 45 52 45 41 90 56 24 27 29 15 22 43 43 50 42 26 23 45 28 34 48 54 46 77 45 36 30 186 215 99 86 75 44 102 37 35 78 40 109 91 46 38 76 47 58 70 65 69 40 43 75 31 27 27 33 21 32 124 24 34 36 57 59 42 58
40 26 30 41 71 74 52 53 57 44 40 31 52 46 38 296 70 44 118 46 72 77 65 43 52 37 25 76 33 33 68 40 52 76 40 32 44 124 91 41 90 34 44 55 31 93 44 44 68 78 52 29 27 53 64 129 70 38 88 47 71 43 107 90 105 84 214 27 40 30 67 31 41 72 117 38 34 32 37 51 45 66 105 35 75 38 31 59 53 22 54 42 37 29 24 36 36 73 44 39
48 78 49 73 47 88 53 53 28 113 22 44 34 32 96 105 39 56 52 45 26 46 51 37 34 30 75 44 73 59 64 54 22 54 35 29 38 54 100 34 57 32 58 35 34 35 49 41 35 65 51 64 47 118 58 86 80 53 91 61 60 56 75 54 28 98 49 160 78 35 39 34 39 82 28 65 56 37 64 52 68 46 134 101 106 45 31 39 56 95 37 42 46 38 21 62 49 43 37 118
53 47 47 26 29 36 60 59 30 50 46 34 47 46 44 83 41 38 37 54 39 43 76 34 34 68 57 45 75 49 52 66 50 74 29 58 24 62 50 115 101 54 31 62 41 51 65 36 24 62 130 103 37 38 49 55 53 68 114 28 78 53 51 49 29 82 31 71 55 59 39 38 29 75 28 33 35 47 36 66 35 71 105 84 30 45 43 34 23 33 238 40 49 62 59 102 114 101 38 37
71 53 39 39 32 37 29 30 27 61 58 108 34 39 93 64 92 72 94 77 57 39 27 39 40 102 32 37 27 37 31 66 41 37 41 53 33 135 53 84 60 56 50 52 37 88 52 25 26 28 86 28 49 40 40 159 91 54 70 21 53 38 58 27 23 81 57 36 35 52 39 59 26 24 62 42 39 40 34 26 39 43 74 33 27 89 30 34 46 30 43 29 58 52 51 31 22 28 31 28
29 113 65 37 34 39 60 47 58 33 34 177 38 40 62 76 91 61 26 51 145 35 23 26 30 22 99 25 98 31 35 26 17 30 66 44 101 92 60 59 50 46 43 41 80 81 62 107 39 58 39 38 65 110 40 37 18 65 81 34 35 60 47 52 55 71 37 95 34 72 71 47 42 43 31 34 84 85 42 23 77 69 53 48 71 46 91 71 62 28 37 62 63 30 103 40 28 37 41 36
53 139 65 45 37 50 39 39 24 65 90 45 87 54 44 145 55 23 31 65 59 29 146 52 61 39 58 59 71 92 40 36 34 43 29 45 71 25 50 52 41 44 53 72 36 28 79 31 103 38 52 74 39 104 86 58 27 35 49 39 82 54 53 45 44 63 52 35 51 66 74 54 47 33 74 29 42 57 37 146 41 40 67 77 76 41 55 64 64 43 39 45 29 65 105 26 51 52 56 47
72 54 68 80 38 45 50 104 51 95 124 48 89 61 62 61 84 58 31 42 44 32 99 111 43 30 61 30 67 87 31 40 41 55 33 39 29 23 57 57 32 39 76 28 109 88 51 27 62 36 25 34 41 33 54 60 29 38 53 81 59 75 53 44 138 24 39 59 60 104 23 53 40 62 55 38 52 51 35 39 24 76 42 49 107 64 51 25 103 40 53 51 25 48 35 102 44 91 49 63
