24 32 32 40 40 24 32 80 120 32 32 48 88 48 32 40 88 88 32 56 32 16 40 24 48 32 32 24 16 56 48 40 24 40 16 40 24 24 24 32 16 32 24 24 24 40 64 24 48 40 48 24 16 64 16 80 56 72 64 24 24 48 56 64 72 24 24 16 32 16 16 32 24 24 24 24 32 40 32 32 24 40 24 40 56 40 64 16 40 48 16 24 40 40 56 72 32 72 104 32
40 24 40 32 56 48 32 80 56 32 16 24 48 72 40 24 16 40 24 32 24 24 24 32 32 16 32 24 48 48 24 32 88 24 24 24 48 16 32 40 24 24 32 24 40 24 24 16 16 32 32 32 16 32 16 24 32 24 24 16 72 64 104 48 40 40 24 40 32 32 56 56 32 24 16 56 56 32 16 24 24 16 16 32 32 24 48 24 32 72 32 40 40 32 40 32 24 32 64 40
32 24 40 24 32 32 16 24 24 48 24 24 56 24 24 24 32 24 32 40 56 40 16 96 32 24 24 24 32 16 24 40 24 40 16 32 32 24 48 64 72 40 40 48 40 24 24 48 24 80 32 40 32 16 40 16 24 24 24 24 32 40 56 32 24 40 16 24 40 24 24 32 72 32 24 24 24 16 16 56 24 24 48 40 16 56 64 16 32 40 32 96 64 32 24 24 48 24 32 32
16 32 16 24 32 16 24 24 24 24 24 24 48 32 24 32 24 32 48 48 32 48 32 24 24 16 24 24 24 24 80 32 24 32 16 16 56 32 32 24 24 24 16 24 32 16 32 24 72 96 152 32 40 32 32 64 24 32 32 48 96 24 24 40 104 72 16 16 32 16 16 24 40 48 32 64 32 32 24 32 40 40 56 40 16 64 24 32 32 40 48 48 48 48 72 32 32 64 24 24
40 48 32 32 24 16 16 24 24 16 64 32 24 40 32 80 40 56 48 64 80 16 32 48 32 24 40 24 16 32 16 64 72 32 24 32 24 56 24 32 96 64 16 40 24 32 40 32 32 32 72 24 24 112 40 32 24 120 32 64 32 24 24 24 24 40 48 32 16 24 24 56 72 16 16 16 32 16 40 32 48 32 64 32 24 16 16 40 64 24 64 64 112 96 56 24 32 40 32 16
16 16 24 32 48 32 24 16 16 16 40 72 24 16 16 24 24 72 32 24 24 16 40 24 32 24 24 24 16 16 32 80 32 24 32 24 16 16 40 16 80 24 16 24 16 40 32 48 32 72 40 64 48 24 32 56 32 24 40 48 40 16 16 24 152 24 24 40 48 16 16 24 56 48 48 24 40 24 32 32 32 24 40 24 80 24 24 16 24 32 24 56 72 48 64 48 32 24 32 24
24 16 48 16 24 56 48 48 32 32 32 40 24 16 16 24 40 16 16 16 48 24 40 24 32 32 32 40 24 48 32 24 56 32 32 40 48 72 16 16 32 16 24 48 56 40 40 48 48 40 32 24 32 32 96 32 40 56 16 40 24 40 248 72 32 40 24 40 48 24 24 32 24 32 32 16 40 16 32 24 16 16 40 40 16 24 32 32 32 32 24 40 104 40 32 40 64 40 56 32
24 16 24 40 72 40 72 40 32 16 16 24 64 48 32 16 32 16 24 24 24 32 24 16 56 24 32 24 16 16 24 24 40 24 32 40 24 24 48 24 32 48 16 16 16 32 40 16 40 40 16 16 32 24 40 24 48 32 32 48 24 32 32 88 24 32 32 48 144 40 40 32 32 32 24 40 16 16 16 56 32 32 40 56 24 16 16 16 24 16 56 40 24 24 24 48 24 24 32 16
16 32 24 32 32 72 24 24 16 24 64 40 32 48 40 40 24 24 40 24 24 56 16 24 32 32 16 32 24 40 24 64 104 24 24 80 40 72 64 16 32 24 16 24 24 48 16 48 32 16 32 24 48 48 32 24 32 48 24 32 48 32 48 24 40 48 32 56 24 32 24 24 32 24 24 16 16 24 32 48 24 32 32 24 16 24 24 40 24 88 24 40 24 16 24 104 32 40 48 32
24 160 24 24 32 16 40 32 24 48 32 24 24 24 40 16 16 56 24 72 48 24 40 32 24 24 32 32 40 48 56 32 32 48 40 64 16 16 32 16 40 24 24 16 16 16 32 16 16 48 24 24 24 40 40 56 48 72 48 56 16 32 40 32 16 24 16 48 24 24 32 32 48 88 56 24 32 48 32 24 24 16 24 32 40 40 32 40 40 32 24 64 56 56 24 24 48 24 40 24
56 48 24 24 24 40 40 32 24 24 24 24 16 24 16 24 16 24 32 40 48 32 16 24 24 48 80 40 32 24 40 24 56 56 72 32 16 16 24 24 48 56 24 32 64 40 96 32 24 16 16 56 64 32 24 16 24 16 24 40 32 32 24 48 32 40 24 48 24 24 32 40 56 32 24 48 32 72 24 32 24 32 40 64 16 24 112 24 72 48 16 64 48 24 16 32 32 24 40 24
120 24 48 32 16 24 24 16 16 48 32 24 40 16 16 32 16 24 24 32 32 8 24 48 24 32 24 120 16 48 24 128 32 24 40 40 64 32 24 40 48 24 24 16 16 24 56 32 16 16 72 32 32 24 32 16 16 24 56 32 40 40 24 40 24 24 160 24 24 32 40 24 40 40 16 16 48 24 24 48 24 40 24 88 48 64 24 16 32 32 32 24 32 24 24 40 40 24 32 40
24 32 40 40 32 24 40 16 32 64 40 48 32 56 16 48 48 24 16 40 24 24 16 40 24 16 24 24 96 56 16 32 32 24 48 32 152 40 24 56 48 56 32 40 24 40 40 32 16 24 40 24 16 24 72 24 32 40 24 32 32 16 16 24 32 32 32 32 24 24 48 32 48 16 24 32 24 24 24 24 40 24 40 24 40 32 80 24 64 32 16 64 16 32 24 40 16 56 24 16
24 24 40 24 40 80 48 40 24 32 80 56 128 32 16 16 16 24 32 24 32 32 16 40 32 24 24 24 32 80 88 32 48 40 32 48 32 40 32 56 32 24 32 24 48 32 88 56 40 24 32 40 24 56 48 24 24 16 152 40 32 16 16 24 32 104 40 48 24 64 32 80 32 48 32 24 56 72 40 32 56 96 32 24 32 40 56 48 32 40 40 48 32 24 72 24 16 16 24 24
48 32 16 32 24 40 24 32 16 64 32 40 48 32 24 40 24 32 40 16 24 24 24 16 24 16 24 32 32 32 32 16 56 24 16 72 16 24 32 56 32 56 24 16 24 32 24 24 32 16 16 32 16 40 32 40 24 80 48 64 24 24 72 24 32 24 56 24 64 32 40 136 40 32 24 24 16 16 16 24 96 24 32 48 48 40 32 24 16 40 40 32 88 24 56 24 72 24 24 48
32 32 64 32 64 24 24 24 24 32 24 40 32 32 24 24 24 48 24 24 16 24 56 72 24 16 24 40 16 48 24 24 32 24 40 32 32 16 16 32 56 24 24 56 64 16 24 48 32 48 16 24 32 32 16 48 24 24 40 96 40 16 16 24 56 32 32 64 48 24 24 56 56 32 40 16 48 24 64 32 32 96 64 88 48 24 24 48 16 16 48 32 24 48 32 16 40 48 16 56
24 16 32 24 24 40 24 24 32 16 40 40 40 24 24 24 24 16 24 32 32 24 40 32 24 16 32 48 32 32 32 32 24 32 24 40 16 40 32 40 32 56 24 16 16 16 32 24 24 24 24 24 16 48 40 24 32 16 16 24 40 32 40 64 32 16 24 24 16 24 32 72 72 24 32 40 48 16 24 40 40 24 104 32 40 32 24 48 64 24 24 24 40 40 24 24 16 16 24 16
24 16 24 16 16 16 24 24 24 48 24 24 24 24 40 24 24 16 16 24 16 24 24 24 32 32 16 40 40 24 24 24 40 32 48 40 24 32 16 16 32 40 32 40 40 40 48 40 32 32 32 40 24 32 32 40 16 24 16 24 40 80 40 40 32 56 32 56 48 48 80 48 72 48 24 56 48 40 16 32 48 24 32 40 24 16 32 32 24 32 32 24 32 80 80 24 40 32 24 24
32 40 72 16 72 24 24 24 32 24 48 16 40 24 16 32 40 32 24 16 24 32 16 72 16 16 16 48 24 32 96 24 40 32 24 64 16 16 24 32 24 16 24 48 40 24 16 16 16 40 48 16 64 48 56 40 40 24 16 32 32 32 24 40 40 16 24 16 32 32 72 24 40 48 24 40 24 32 24 56 64 16 40 40 16 24 48 40 16 24 16 56 32 40 80 32 40 32 32 32
24 96 48 32 24 40 24 40 40 40 24 24 72 32 56 48 24 24 72 32 104 16 24 24 32 40 32 24 16 24 40 72 32 32 72 48 32 40 32 32 24 32 32 40 32 24 16 16 16 32 32 64 40 96 40 48 24 24 32 80 40 24 24 32 56 24 32 32 40 32 24 16 32 48 24 72 16 32 32 32 32 16 32 40 16 40 32 40 24 16 24 32 40 32 48 56 32 48 80 24
24 24 16 16 40 24 24 24 48 40 24 104 32 24 16 16 24 16 24 16 16 32 24 24 32 48 32 24 16 24 16 64 24 56 24 24 40 24 24 40 16 32 24 40 16 16 16 32 40 48 48 48 32 32 16 32 32 24 48 16 24 48 24 32 32 16 24 64 32 72 96 56 72 16 24 56 24 16 24 48 40 24 32 32 16 24 32 32 48 56 24 48 24 24 48 32 48 32 40 48
16 24 32 48 24 24 32 40 24 64 24 24 32 32 40 16 32 24 56 32 32 80 40 104 32 16 16 56 40 24 16 24 24 40 32 32 24 16 24 32 24 32 32 24 32 40 32 24 24 32 16 16 24 32 40 16 24 48 16 64 24 32 16 48 24 16 16 88 32 40 32 56 40 32 40 48 24 16 16 64 24 40 32 40 32 16 32 48 32 40 24 24 40 64 32 24 16 24 16 24
24 24 32 32 32 48 32 24 24 16 32 64 24 24 56 24 40 24 32 64 32 16 56 56 24 56 32 72 80 64 24 56 24 24 24 24 48 40 48 56 24 64 56 32 16 16 48 16 16 16 16 16 24 40 32 16 32 32 24 32 32 80 24 32 64 56 40 24 24 24 24 24 16 48 24 48 24 24 64 32 16 24 24 24 16 16 32 24 32 32 32 64 40 56 56 40 24 16 32 48
24 16 32 32 32 56 24 40 24 16 40 24 40 32 16 24 32 48 32 32 48 112 56 120 24 56 32 32 24 32 56 40 24 24 16 32 16 48 104 16 24 40 64 32 16 40 16 16 16 16 24 48 40 32 24 32 48 24 16 24 64 16 24 24 32 24 64 32 48 24 16 24 32 24 40 64 40 32 24 16 32 24 32 16 24 24 56 56 40 96 24 64 32 32 24 32 136 16 24 16
24 40 32 40 48 24 32 16 32 16 40 40 24 24 40 32 16 24 16 16 16 32 24 32 40 24 24 40 64 16 24 48 48 24 16 24 24 24 40 144 32 24 72 56 48 40 24 40 24 40 16 40 24 32 32 16 32 16 32 24 32 16 32 32 80 56 64 48 32 24 24 40 48 40 40 32 48 48 24 88 32 40 40 56 16 16 16 16 32 56 56 16 32 56 40 56 48 32 32 16
24 56 48 40 48 32 40 48 32 56 16 120 24 16 32 120 24 32 16 24 16 40 88 32 120 40 40 32 24 32 16 24 16 48 24 16 32 64 32 48 56 40 56 24 40 24 24 24 16 16 16 24 32 32 40 24 24 24 72 32 32 24 16 32 48 16 32 32 56 24 16 24 40 48 40 40 48 40 56 16 24 40 40 24 32 16 16 32 48 40 40 24 24 32 40 32 152 256 24 64
16 96 32 32 24 56 40 32 24 64 24 40 24 32 24 48 40 24 24 16 40 40 48 16 24 32 40 56 16 24 24 32 32 32 64 32 40 48 24 48 24 48 32 16 24 56 24 56 16 24 16 48 72 64 88 48 40 56 16 40 32 32 40 48 32 24 16 16 48 24 16 32 32 40 72 40 40 32 48 48 24 24 32 48 24 32 24 16 32 24 24 64 32 16 32 32 16 32 16 24
40 48 48 40 24 56 24 24 16 24 16 24 64 16 40 32 32 24 16 56 112 24 24 40 32 24 24 16 16 24 16 32 16 24 32 16 24 80 16 152 24 32 32 32 48 32 16 16 24 72 72 48 24 24 24 24 40 24 40 24 32 40 48 24 24 32 24 16 32 40 16 72 32 32 24 40 32 16 72 24 88 32 64 32 24 24 24 24 48 24 16 24 32 24 40 40 32 24 24 24
24 24 24 40 56 32 40 32 16 16 16 48 32 40 16 24 40 40 16 40 24 32 16 24 112 24 32 32 32 24 16 32 24 24 40 24 16 16 24 24 64 32 48 32 24 16 32 16 16 56 16 32 40 32 128 64 48 24 24 64 24 48 72 24 24 64 32 24 16 16 24 24 16 24 32 56 24 24 16 24 40 32 40 40 16 32 72 16 24 40 24 16 24 24 32 32 24 32 32 24
96 56 24 32 24 32 112 24 24 24 16 16 16 40 16 24 24 24 16 72 24 16 24 24 16 40 32 56 40 16 24 24 24 32 16 40 48 24 40 32 40 24 24 64 32 32 24 8 16 72 16 64 40 24 24 32 24 32 16 24 72 64 40 32 64 24 24 72 24 24 24 32 24 40 16 40 40 40 32 32 32 32 48 152 32 32 24 56 32 24 64 32 40 40 40 16 40 40 64 56
24 16 32 16 24 24 64 56 56 56 24 64 40 24 16 16 16 64 32 80 16 32 40 32 24 32 32 88 40 40 24 40 24 32 32 72 40 24 16 24 24 56 16 32 80 24 80 24 24 48 24 24 32 64 48 24 40 40 24 32 32 24 56 32 16 40 24 32 32 32 24 24 40 24 32 24 72 24 16 32 32 56 24 48 24 64 32 32 32 24 32 16 40 24 32 24 80 80 24 24
24 48 16 16 24 40 16 24 16 80 24 16 24 32 24 24 24 32 32 24 32 16 16 24 32 24 40 64 88 80 32 32 32 32 32 32 32 24 16 32 16 32 32 32 32 24 24 40 80 24 40 40 40 56 40 16 24 56 24 32 24 112 24 88 16 24 56 40 24 32 16 24 16 32 32 40 48 32 24 32 24 40 56 16 16 24 32 24 16 32 88 48 16 48 64 24 48 40 64 16
32 40 24 24 32 24 16 32 24 24 32 24 24 24 40 24 24 32 32 16 16 32 40 16 32 48 56 48 24 32 32 24 16 32 40 40 160 16 16 24 16 24 24 16 24 16 16 24 40 24 16 64 48 24 32 64 40 40 16 24 32 24 16 32 16 40 32 16 24 24 16 16 24 16 16 16 24 24 24 32 32 64 24 32 32 24 24 16 24 48 104 40 24 32 80 16 24 32 56 88
24 24 40 56 40 24 24 40 16 16 40 16 40 24 32 32 40 40 48 48 32 40 16 24 24 64 24 24 48 24 32 24 32 24 32 160 48 24 40 48 16 16 24 16 40 24 24 24 48 16 24 72 32 40 40 32 24 32 16 32 32 32 104 56 48 24 32 24 16 24 16 16 16 24 24 32 24 16 16 16 104 24 32 32 32 104 56 48 32 32 40 32 16 32 32 48 32 32 64 48
32 48 32 40 48 80 48 24 40 24 40 24 24 48 32 32 24 24 32 32 24 40 40 32 32 40 96 40 24 72 56 96 16 32 48 24 56 32 16 24 32 16 24 32 48 32 24 24 32 24 48 16 64 24 40 32 24 24 24 24 32 24 24 24 72 32 24 24 56 48 16 24 32 40 56 40 32 72 24 72 48 32 40 24 32 24 24 24 40 16 32 24 16 72 136 80 80 16 56 88
32 72 64 24 24 32 16 16 16 40 40 24 16 32 32 32 16 32 16 32 40 16 56 32 32 16 48 72 32 48 24 24 24 32 64 32 32 40 16 16 24 32 56 24 24 88 24 24 16 24 32 24 24 24 40 24 72 40 40 40 32 32 24 16 32 24 16 16 40 16 56 16 32 16 24 32 24 120 24 24 48 16 48 24 48 32 40 40 16 40 48 32 24 32 40 32 24 24 32 48
24 72 104 32 24 40 32 8 56 16 40 32 40 32 32 32 40 88 40 56 32 24 40 80 32 32 80 40 32 24 16 16 24 40 24 24 24 16 40 24 40 40 64 32 48 64 48 168 24 16 32 24 24 40 40 24 32 48 16 168 64 40 32 40 32 64 40 16 32 16 24 32 32 24 24 40 24 64 32 16 40 32 32 72 104 24 64 16 16 32 24 24 48 40 24 24 48 120 48 16
24 32 96 24 48 32 64 32 24 16 32 24 24 32 40 40 32 40 24 24 24 56 32 88 48 32 40 24 104 32 32 48 32 16 32 24 24 24 24 32 32 24 40 24 72 136 24 32 40 24 16 32 32 16 32 16 24 24 40 72 48 16 40 104 48 32 24 16 24 64 104 72 56 32 8 40 24 32 16 24 40 24 24 40 24 48 24 48 16 40 80 16 24 96 48 16 24 32 32 64
16 40 56 32 40 32 16 32 56 40 64 24 32 56 24 24 24 24 32 24 40 24 40 24 24 32 40 56 24 40 48 24 32 24 32 64 24 24 32 40 32 32 40 16 32 32 16 40 64 16 16 32 16 24 24 24 48 24 16 32 48 16 24 16 24 32 24 16 24 24 24 24 112 24 32 64 24 88 24 32 48 48 32 64 32 192 32 112 64 56 24 32 72 24 40 32 56 40 32 32
40 40 80 48 16 16 48 24 24 40 32 64 24 16 64 32 48 32 16 32 40 24 24 32 48 48 72 48 32 48 16 24 16 24 24 16 24 32 48 48 48 152 16 16 16 32 24 64 24 16 16 40 24 16 48 32 48 24 16 24 56 24 16 24 32 72 16 40 32 40 32 24 40 64 32 32 32 40 48 40 32 64 32 32 32 72 24 48 56 16 40 24 24 56 32 40 72 48 24 16
16 24 24 32 24 24 24 24 24 48 24 32 24 16 24 40 24 32 24 72 16 24 32 48 32 48 80 16 40 24 80 48 24 16 40 24 32 24 48 24 32 40 24 24 48 32 24 32 16 32 24 40 24 16 48 32 32 40 16 32 40 32 24 48 24 24 40 24 32 24 32 16 24 16 32 40 24 32 32 24 64 32 40 48 24 32 32 32 16 8 32 16 96 32 32 24 80 16 24 16
32 32 24 24 16 80 48 24 16 24 24 24 24 48 40 40 48 32 96 24 32 32 24 40 24 32 40 24 96 16 24 32 16 24 88 24 24 16 56 24 24 24 24 16 64 24 32 32 64 24 48 32 24 32 40 40 48 24 32 72 64 104 40 32 32 56 24 40 40 24 32 24 32 40 88 24 24 16 32 24 32 32 40 16 32 72 32 64 16 24 40 32 32 64 48 32 64 40 32 32
32 40 32 32 40 40 24 40 24 32 24 24 48 56 16 32 24 24 24 32 64 48 32 32 16 24 24 24 48 24 32 24 32 48 40 16 24 40 24 88 32 16 16 48 32 56 48 40 64 16 24 32 32 24 40 40 56 24 24 56 56 128 32 24 16 24 24 40 16 24 32 16 24 24 40 80 24 32 40 88 48 24 32 64 16 48 24 40 24 16 32 88 24 48 40 56 32 24 24 56
24 24 32 40 32 40 32 24 32 80 16 32 24 32 32 32 88 24 16 32 24 64 16 24 24 24 32 32 24 24 40 32 40 128 24 16 24 40 24 16 32 24 64 16 24 40 24 24 32 24 56 32 56 32 24 56 40 24 32 40 56 32 24 48 40 48 24 40 40 32 24 16 24 16 24 16 104 16 48 32 40 32 56 16 80 48 24 32 16 16 24 24 24 32 32 96 104 16 64 32
32 32 32 48 24 40 24 16 32 72 16 24 56 24 64 32 32 32 16 24 64 24 48 24 40 24 56 24 40 96 24 32 32 24 88 144 48 72 32 32 16 24 24 16 24 24 16 24 16 48 48 40 72 88 40 32 32 32 56 32 16 80 40 24 40 40 24 40 48 32 24 32 80 16 40 24 32 24 16 32 32 40 40 40 24 24 112 32 32 24 24 24 24 24 24 40 40 24 24 24
32 40 56 32 64 32 24 24 24 24 32 24 32 32 16 16 24 32 24 24 32 32 24 72 40 16 32 88 40 40 24 40 32 24 48 56 144 48 32 40 24 16 24 24 32 48 32 48 32 24 32 16 48 16 32 32 24 32 16 16 32 40 16 64 24 16 40 40 32 64 24 32 32 16 32 32 40 40 32 32 64 40 32 24 32 24 72 56 16 32 16 56 24 32 32 40 16 16 24 32
24 24 48 48 24 24 24 16 64 24 24 16 24 40 32 24 64 48 16 24 24 32 40 16 16 32 48 32 32 32 24 56 24 32 16 48 24 32 64 40 56 24 16 48 32 16 32 32 32 40 48 32 32 32 104 32 64 40 16 96 40 24 48 32 24 40 40 24 32 16 16 56 24 104 16 40 40 24 32 56 72 24 32 24 32 16 24 24 48 24 32 24 24 32 40 16 24 24 80 32
16 24 56 24 32 16 24 40 64 48 64 24 16 48 32 32 56 24 32 32 32 24 24 24 32 88 40 24 56 16 24 32 32 56 56 40 24 32 48 64 24 32 24 56 16 16 16 24 32 32 32 24 48 24 24 40 24 24 24 32 24 24 40 64 40 32 32 32 24 24 32 32 16 16 48 48 48 32 40 64 56 40 32 24 16 16 16 24 32 32 32 16 32 32 32 48 16 32 16 16
8 24 24 32 48 40 16 40 32 32 40 40 32 24 24 48 112 40 16 40 32 16 24 32 152 48 24 24 48 40 24 48 32 32 104 24 16 32 32 96 24 40 24 32 96 24 32 72 32 48 48 32 16 48 32 24 24 32 24 40 24 32 32 32 32 240 40 24 24 32 32 32 40 16 24 40 32 32 16 40 64 24 24 16 48 16 32 56 32 64 16 16 32 32 40 24 144 16 24 40
56 32 24 32 32 24 48 24 32 32 48 32 24 16 32 16 32 32 32 56 24 32 96 24 96 32 40 40 40 40 16 64 40 80 40 56 24 64 88 48 24 40 24 64 32 56 56 40 24 48 32 40 16 32 32 24 48 40 16 64 64 24 16 16 40 32 32 48 32 24 64 32 32 16 16 32 64 48 40 64 32 16 160 24 24 56 48 64 32 32 16 24 64 24 16 40 56 24 88 24
32 16 16 64 24 56 32 32 48 32 80 56 32 24 24 16 24 24 32 24 16 48 40 40 136 24 24 64 48 48 24 64 24 40 40 24 24 32 48 32 32 32 16 24 24 32 24 32 40 32 16 40 40 32 56 32 104 32 24 32 32 24 32 64 48 32 16 32 16 32 32 16 56 32 80 56 24 32 16 32 40 48 32 24 16 16 40 40 40 16 16 32 16 32 32 40 40 104 32 32
16 24 16 32 32 40 56 64 56 24 16 24 32 16 24 40 16 32 40 40 48 48 24 32 48 24 24 32 40 24 56 40 24 32 32 32 24 32 40 24 32 24 32 40 32 24 16 32 16 24 40 88 56 16 24 96 112 48 24 24 16 24 24 40 24 16 16 32 40 16 56 40 48 16 48 64 24 16 24 40 24 24 64 48 24 64 16 32 16 24 24 16 16 16 48 40 48 24 40 16
32 16 16 24 24 24 32 24 24 40 24 48 32 40 128 16 24 56 24 40 32 24 80 40 16 64 48 72 24 32 32 40 24 32 32 24 32 24 16 32 48 32 32 24 80 24 48 40 16 16 16 48 32 24 24 24 16 16 32 16 24 16 32 16 32 16 32 32 32 32 40 16 32 24 32 40 48 72 16 16 16 24 16 16 24 32 40 40 48 32 16 32 24 64 16 32 32 160 8 16
16 16 24 24 40 40 24 32 48 40 24 24 24 40 56 16 16 48 32 16 24 24 24 112 24 32 40 48 40 32 48 32 48 32 192 48 24 24 32 32 40 16 32 24 24 16 16 56 64 48 40 56 24 16 24 24 24 32 56 64 40 24 24 16 40 40 16 32 48 32 16 24 32 16 32 32 24 32 32 16 32 40 24 88 40 24 32 24 16 24 32 24 80 24 56 32 32 48 16 24
32 24 40 24 32 64 16 32 40 16 40 16 40 24 72 16 16 32 32 16 24 40 40 32 88 24 32 96 16 32 64 32 16 24 16 24 32 32 40 40 16 24 40 24 16 16 24 40 16 24 16 48 64 72 24 40 24 24 40 40 16 32 24 16 48 40 16 24 40 32 24 24 24 16 32 32 32 48 24 16 24 48 80 24 16 32 32 24 40 24 24 72 40 16 24 16 24 32 48 24
32 16 48 48 32 40 32 16 32 40 32 48 40 40 24 40 24 24 32 32 40 48 64 24 32 88 16 40 32 24 32 32 24 24 40 24 24 32 16 16 24 16 24 24 24 80 16 32 40 24 16 16 24 32 48 32 64 40 24 32 32 64 32 24 24 24 32 16 32 16 24 40 32 24 40 24 24 24 24 32 32 56 48 16 24 24 64 24 32 32 24 16 24 32 32 32 32 32 24 32
24 40 40 32 24 24 16 64 40 32 16 32 32 24 24 40 40 32 32 16 32 16 32 56 24 32 40 56 32 32 24 16 48 16 40 24 24 24 24 48 24 24 88 64 32 40 32 40 56 40 88 24 24 56 16 32 32 56 32 32 56 32 72 48 24 24 40 40 32 16 24 16 24 32 32 16 24 40 48 24 32 24 24 24 32 24 24 24 16 24 24 16 56 16 24 32 32 64 32 80
24 40 24 72 40 40 32 32 40 40 16 32 88 32 16 24 32 16 24 32 24 24 16 40 96 32 40 24 16 32 24 64 56 40 40 16 48 24 40 48 32 24 16 32 32 16 32 16 24 24 32 16 16 24 32 16 24 16 24 32 64 32 24 16 16 40 40 32 64 24 24 40 24 32 32 16 24 40 24 24 32 16 72 24 48 16 24 16 24 32 32 40 32 24 16 16 32 24 24 16
56 24 48 16 24 24 40 64 16 72 40 24 40 24 64 16 48 16 24 16 32 24 48 16 88 40 96 24 32 8 16 32 40 40 40 64 40 24 16 16 16 32 16 32 64 32 24 24 16 48 32 88 24 56 24 40 24 16 48 32 16 32 24 40 40 32 48 24 48 24 112 40 32 24 24 32 48 16 24 24 32 48 16 24 16 24 40 24 48 48 32 88 48 32 24 24 32 32 16 16
40 32 32 72 16 32 40 40 48 64 56 24 32 40 24 24 24 40 24 16 16 24 24 56 32 32 16 32 24 24 24 48 32 24 16 32 32 48 24 48 24 48 32 40 32 40 64 24 48 24 40 48 32 16 32 32 24 40 56 32 16 32 24 16 32 24 16 16 88 32 72 40 24 24 24 24 16 24 32 32 16 32 48 24 40 48 48 56 40 48 16 32 40 64 64 16 24 40 32 32
40 48 32 24 24 16 32 24 24 24 24 40 64 40 24 32 16 32 40 32 24 24 32 16 32 32 32 40 24 24 24 64 64 32 16 24 32 24 16 24 56 48 24 24 16 16 16 24 48 16 32 24 32 16 16 32 32 32 40 24 16 16 32 24 40 40 40 48 112 16 32 32 16 40 40 64 40 56 32 32 24 64 32 16 24 24 40 32 56 32 16 32 24 40 8 24 16 24 32 48
40 40 24 40 24 16 16 120 32 24 16 32 24 32 32 24 48 32 24 32 32 16 40 48 24 16 24 32 24 104 16 48 32 32 16 24 24 24 16 32 16 24 32 24 24 56 16 16 24 16 24 32 48 24 32 40 80 32 24 32 24 16 24 24 32 40 64 48 48 64 32 48 32 24 96 24 144 72 40 104 96 32 56 32 32 16 88 32 48 40 16 32 40 56 16 16 16 24 64 24
72 24 32 24 24 56 64 32 64 16 24 24 32 24 32 24 40 32 128 48 16 16 24 16 40 24 24 24 24 64 48 104 24 24 88 40 24 16 16 32 16 40 80 40 32 48 48 40 24 24 24 24 24 16 24 48 16 32 32 24 48 16 16 32 56 24 56 32 16 32 24 32 32 48 32 24 80 56 40 40 32 64 24 16 72 56 40 24 24 48 48 24 24 32 24 16 16 24 48 24
40 32 24 24 32 40 40 40 16 16 16 24 24 40 40 24 32 32 24 48 56 48 24 56 32 24 24 32 32 32 56 32 48 32 24 40 24 40 16 24 32 32 40 64 32 24 16 32 24 40 24 32 24 24 16 40 24 16 64 56 32 32 32 16 24 24 24 56 32 48 24 32 32 40 32 32 72 24 24 24 24 40 64 32 24 40 32 168 32 24 16 32 16 32 24 48 16 16 32 32
40 32 32 32 40 40 48 40 32 40 32 32 24 16 24 16 24 56 32 24 16 16 64 40 16 24 40 40 48 72 32 24 16 24 40 24 24 32 16 16 32 32 32 40 24 32 72 32 40 16 24 16 24 64 16 48 16 32 24 32 16 24 40 16 40 32 32 32 24 24 56 40 40 32 24 16 32 48 64 64 32 16 40 104 96 16 32 72 40 64 24 32 32 32 24 24 32 32 16 32
32 40 40 48 32 32 32 48 24 24 16 32 16 24 16 16 40 24 24 120 16 24 16 40 40 32 64 24 24 32 32 24 24 16 32 16 24 24 16 32 48 56 40 24 32 16 32 40 24 40 72 32 32 32 48 80 56 24 104 24 32 16 24 16 56 32 32 48 24 24 32 48 40 40 32 32 72 32 24 24 32 32 24 32 32 72 40 96 16 16 24 32 24 32 16 16 40 24 24 32
48 32 24 16 40 48 40 24 48 56 48 64 24 40 32 16 64 48 24 32 24 40 16 48 56 40 24 16 32 32 48 40 24 64 16 16 24 40 32 32 56 40 48 32 80 64 40 24 32 16 40 32 32 24 24 16 24 16 40 32 24 32 16 88 24 16 16 16 16 72 32 40 32 24 32 40 40 24 16 40 40 32 16 16 24 16 24 56 32 24 16 32 72 48 24 16 48 24 32 24
24 64 24 24 16 56 24 16 16 24 40 48 32 16 16 40 40 24 16 32 24 16 48 32 24 24 32 16 16 16 40 40 32 32 16 24 40 48 32 24 32 24 56 88 24 32 24 8 40 32 40 24 32 24 16 32 24 32 72 24 32 24 24 32 32 24 16 72 24 32 32 32 16 48 40 40 40 32 40 88 16 32 16 16 24 24 24 24 32 24 16 24 40 56 16 16 16 24 32 24
16 64 32 16 16 56 72 24 24 56 64 32 56 32 64 32 32 16 16 40 32 16 32 24 16 24 40 16 16 16 40 48 16 16 24 24 72 48 32 32 16 32 32 48 24 40 32 40 24 16 48 24 40 32 32 48 40 64 32 16 40 32 16 32 24 160 56 32 16 24 40 24 32 32 32 32 32 24 16 48 24 40 24 24 48 16 16 24 40 24 24 32 16 16 24 24 32 32 40 16
32 40 56 24 32 48 40 88 120 56 48 32 40 24 56 16 32 16 32 24 40 72 24 40 56 40 24 32 32 80 32 48 48 32 16 16 40 32 24 24 24 32 40 64 56 40 32 40 120 32 40 24 40 32 32 24 24 16 24 32 48 32 24 24 48 24 16 16 32 16 16 32 24 16 24 32 32 32 32 24 16 64 32 24 40 16 24 24 32 16 24 16 32 24 24 24 40 16 16 16
24 32 24 40 32 24 16 24 32 24 32 16 40 32 16 24 40 16 32 32 40 16 40 16 24 24 16 40 40 32 16 32 16 32 16 16 40 24 24 16 16 32 24 88 80 56 24 16 48 48 192 40 24 24 32 16 32 24 48 24 40 40 24 48 48 40 16 24 32 16 32 24 24 16 24 48 48 64 16 16 72 16 24 16 16 16 16 40 32 24 16 32 32 40 24 16 24 32 24 72
24 24 24 40 32 32 16 16 32 32 16 16 16 16 16 48 32 16 32 32 56 32 32 40 48 32 40 40 32 40 72 40 16 48 16 16 32 32 16 32 24 24 48 32 24 32 56 48 40 24 24 40 24 96 32 48 32 32 48 88 24 24 32 48 32 40 24 16 16 16 16 40 32 24 24 32 48 24 40 16 32 24 24 16 16 16 16 24 32 24 32 24 24 32 32 40 24 24 32 24
24 16 24 16 24 48 56 24 32 16 24 24 56 24 16 48 24 24 48 24 16 48 72 56 16 32 40 32 40 48 32 40 24 32 24 48 32 24 16 40 24 32 56 32 16 32 24 40 80 56 64 24 24 16 24 24 16 24 24 24 24 16 32 40 64 32 16 40 32 16 32 40 16 48 32 48 88 24 32 32 32 56 48 32 32 40 24 40 24 40 16 32 64 56 24 32 32 40 80 24
88 16 24 40 16 16 32 56 16 24 16 24 32 80 40 80 24 32 32 32 72 16 40 72 32 64 32 32 48 16 24 32 24 24 16 32 80 16 56 16 24 32 40 32 40 64 32 32 32 32 88 16 16 32 32 24 16 80 40 24 24 24 16 24 16 24 40 24 40 40 56 24 24 32 24 16 64 56 24 24 24 16 40 48 72 32 32 48 40 64 32 48 32 24 32 24 16 40 40 16
16 80 48 72 32 40 40 24 24 24 16 32 56 24 16 24 32 24 24 16 16 16 72 32 40 32 32 40 40 48 48 88 80 32 16 24 40 40 40 16 64 24 32 64 32 24 24 24 32 24 24 24 32 16 32 16 24 24 16 16 64 16 16 16 24 24 16 32 96 32 56 24 24 16 24 16 16 64 16 48 32 32 24 16 24 16 40 24 48 72 32 24 24 24 24 16 16 16 16 16
72 64 16 48 24 24 24 32 16 16 24 40 32 24 48 16 24 32 40 32 16 48 32 32 32 72 16 24 40 32 16 40 16 24 128 72 32 56 32 40 24 72 40 32 32 24 32 24 32 48 88 24 24 16 24 16 48 48 16 8 16 16 32 40 32 16 16 32 32 24 32 24 32 8 32 48 32 72 40 40 56 56 64 24 24 32 24 24 24 32 96 72 16 8 40 32 32 40 48 56
40 24 24 32 16 16 32 32 48 16 24 32 64 24 56 32 24 32 24 40 88 48 32 24 32 56 16 24 32 40 32 80 80 24 32 32 24 16 56 32 24 24 32 24 48 32 56 16 40 56 40 24 24 48 80 32 56 24 24 24 32 32 24 16 32 32 24 16 32 40 16 24 56 32 40 32 32 40 40 40 32 16 32 40 16 16 24 32 24 24 32 32 24 32 32 40 24 40 32 24
32 64 32 32 48 24 32 32 56 16 16 16 24 40 48 40 24 48 48 40 40 40 24 40 32 24 56 16 64 24 24 64 24 40 32 32 16 88 48 32 40 24 32 32 56 16 24 32 40 120 40 32 40 32 56 16 16 8 24 24 64 24 56 16 16 24 24 24 24 24 24 32 16 16 16 40 24 16 40 32 32 24 32 32 24 24 16 32 32 88 24 40 32 16 24 40 24 32 16 96
24 16 16 32 48 64 40 24 24 24 24 24 40 64 64 48 24 40 32 32 24 120 88 64 24 24 16 32 24 32 128 24 24 24 40 96 48 32 32 24 56 40 16 64 24 40 32 48 88 48 40 40 40 32 40 16 32 72 56 56 48 16 32 24 24 24 24 32 32 32 32 32 32 32 24 40 32 40 16 40 32 56 56 56 16 16 24 24 48 48 16 24 16 40 24 24 24 32 64 24
40 16 16 24 16 24 32 64 32 32 16 40 32 24 32 96 24 24 24 32 48 32 48 24 48 48 32 40 24 40 56 16 24 16 32 112 64 24 24 40 16 16 40 40 32 48 24 16 48 40 48 40 16 16 24 32 16 16 32 16 24 40 48 32 16 16 48 32 16 32 24 32 24 24 24 32 16 40 40 24 16 48 32 40 24 24 24 40 32 24 32 40 16 24 24 24 24 64 16 24
32 16 24 16 24 24 16 40 32 32 16 32 32 16 24 72 16 16 16 24 64 24 64 64 64 24 32 56 32 56 40 56 72 32 32 24 32 48 32 24 24 32 32 16 24 32 72 24 24 40 32 32 40 24 16 32 16 40 24 40 16 32 32 32 16 16 16 24 32 24 24 48 48 24 24 24 24 104 32 32 16 80 32 32 40 64 64 40 48 32 32 64 32 32 32 16 24 72 32 32
16 16 16 16 56 16 24 24 80 16 32 24 40 40 48 48 48 32 24 16 32 16 40 24 40 24 16 40 16 40 192 56 80 32 32 40 40 32 32 24 32 32 24 56 56 24 32 128 40 16 32 16 40 32 48 48 16 48 16 48 64 24 16 24 32 40 32 16 40 40 32 32 32 24 24 80 16 40 48 32 16 24 32 32 32 32 32 48 24 24 32 80 32 64 32 48 48 48 16 16
32 24 24 16 24 40 32 32 40 168 32 32 32 56 32 48 24 16 32 32 216 16 24 32 32 32 32 32 40 48 32 24 40 40 32 24 24 56 40 64 40 32 72 32 64 16 48 32 40 32 32 32 32 16 16 112 24 40 24 32 24 32 24 16 24 40 32 24 24 48 56 24 40 24 32 32 24 40 32 16 16 48 32 32 80 16 56 16 16 16 16 48 24 64 24 24 56 40 24 32
32 16 64 24 48 56 24 32 24 24 32 40 224 24 16 32 88 32 16 24 24 24 16 104 32 56 16 88 24 24 24 56 24 24 48 32 32 16 32 40 24 40 32 48 40 40 32 16 16 24 32 40 24 16 40 64 40 56 24 40 16 40 32 24 32 16 32 24 40 32 56 32 48 16 24 32 16 24 24 32 32 32 40 72 40 56 32 32 24 40 16 16 32 16 80 16 24 40 24 24
24 32 64 48 96 64 32 24 24 16 56 24 56 24 40 24 64 24 24 16 48 16 32 32 40 32 56 16 32 56 56 40 24 24 40 48 40 32 24 40 40 72 24 40 32 40 24 24 32 40 24 32 32 32 32 16 32 40 64 24 24 40 16 32 32 32 48 32 48 24 24 32 32 16 16 24 32 32 16 16 24 24 24 32 24 32 48 56 32 16 16 40 48 48 48 32 40 56 24 40
16 16 32 24 32 96 48 40 96 72 24 88 24 56 16 16 24 24 32 24 32 128 32 24 24 16 32 24 72 32 32 80 56 32 32 32 24 32 32 24 16 32 24 24 64 48 40 24 48 96 144 32 32 32 24 32 24 40 32 48 32 24 32 24 32 32 24 32 40 56 16 56 24 40 16 16 32 80 32 16 24 48 32 32 48 16 16 48 16 16 32 40 24 40 32 120 40 40 32 32
16 16 24 32 24 16 32 16 24 16 32 56 16 48 32 40 160 24 16 24 32 40 24 32 16 40 48 24 48 64 32 64 40 24 24 32 16 56 24 40 32 40 24 16 32 24 24 16 32 48 32 72 56 64 32 64 24 24 32 32 64 56 24 64 16 32 24 72 24 24 32 40 24 48 16 16 24 24 128 16 32 24 32 24 32 24 32 32 32 32 24 32 32 32 72 32 40 16 32 16
32 32 24 72 24 16 16 32 24 16 48 32 16 16 16 48 32 24 40 16 24 24 16 24 16 56 24 32 48 24 24 32 56 64 16 16 16 24 80 24 24 16 72 72 48 32 16 16 24 48 16 24 16 32 24 24 32 24 24 40 32 48 48 32 32 104 32 48 24 40 16 24 24 24 16 16 16 24 16 32 24 24 24 48 24 32 24 16 40 32 64 32 32 40 40 48 24 120 16 48
16 40 24 80 24 40 40 32 24 48 24 16 24 40 40 96 24 16 24 24 32 32 32 16 16 80 32 24 40 32 24 24 32 32 32 32 32 24 40 56 16 16 24 40 48 24 40 24 24 24 16 40 24 32 32 16 48 32 24 32 144 56 64 32 48 32 104 32 48 32 40 24 24 24 24 72 16 32 32 16 24 24 32 88 32 16 24 16 24 16 24 24 16 16 24 160 24 16 24 16
16 48 24 32 32 48 24 24 24 24 24 24 24 32 56 32 24 24 32 24 32 16 16 32 24 40 48 40 56 32 32 40 40 24 80 24 32 40 32 48 16 32 24 112 24 32 16 16 16 24 40 32 32 24 16 16 24 88 32 24 32 24 40 32 24 32 32 16 24 48 120 24 48 40 16 48 16 32 16 40 32 24 48 48 24 24 24 24 24 24 16 16 56 24 32 16 24 32 64 40
24 32 16 24 16 16 16 16 32 32 24 16 56 80 40 48 16 32 40 32 40 16 48 32 40 32 32 24 32 32 40 80 32 24 16 16 24 24 24 32 56 24 32 24 24 16 32 24 32 56 32 40 32 24 24 80 24 16 16 32 120 64 16 24 40 16 32 32 24 24 24 40 48 16 32 24 72 24 24 32 96 40 72 24 24 16 32 32 24 56 64 24 24 16 96 16 16 24 24 40
32 16 24 24 32 24 16 16 32 32 24 24 24 16 48 40 24 24 32 48 16 56 40 56 24 40 24 32 40 72 24 32 24 24 48 56 32 40 32 56 40 64 16 24 16 16 24 56 32 64 72 32 24 16 16 24 16 16 24 16 16 56 48 16 32 64 32 32 24 24 32 32 24 24 48 24 24 48 56 88 40 16 48 32 16 32 16 32 24 24 32 32 24 32 24 24 32 40 56 24
24 32 72 16 48 16 32 16 32 56 40 40 48 24 64 64 32 32 88 80 32 32 48 24 24 24 32 24 40 24 64 24 24 48 40 40 40 40 32 32 48 16 24 16 16 16 32 40 128 56 16 32 16 16 24 24 32 40 24 16 40 40 56 32 24 56 32 32 24 16 40 24 24 56 56 16 32 24 32 32 40 40 40 32 16 88 48 24 16 48 24 24 96 24 24 24 24 24 24 32
32 16 16 24 48 40 24 24 56 24 32 16 24 32 32 96 56 16 72 32 24 24 32 32 48 24 16 32 24 24 56 32 32 32 24 24 40 40 48 56 40 16 16 16 24 16 24 24 40 32 32 16 24 16 16 32 32 16 48 32 32 16 128 200 88 32 48 16 32 24 40 40 32 40 40 56 24 24 16 32 24 24 40 24 24 40 32 32 16 24 16 16 16 16 16 24 32 56 56 24
32 32 32 32 24 32 16 48 32 32 24 24 24 16 80 64 40 40 24 32 16 32 40 16 32 32 16 80 40 32 24 40 24 24 32 16 24 32 64 32 32 24 24 16 16 32 32 32 32 24 32 32 32 112 40 32 72 32 24 16 40 32 32 32 16 32 48 32 136 16 32 24 16 72 24 32 40 32 40 40 24 24 24 40 24 32 16 24 24 72 16 16 24 16 24 48 32 16 24 48
32 16 32 32 16 56 32 32 24 24 16 24 32 32 24 64 24 32 24 24 48 40 40 24 32 40 40 32 16 32 40 40 24 40 32 40 16 40 32 32 32 32 16 32 24 24 56 16 24 32 64 32 32 16 16 32 32 24 80 32 24 32 32 40 16 32 24 24 40 32 24 32 32 32 32 24 24 40 24 32 24 32 104 32 16 24 24 32 24 24 184 32 24 24 24 24 16 72 24 24
40 48 32 16 16 16 24 16 16 40 24 88 24 16 48 48 32 24 40 32 32 24 16 16 24 32 32 32 32 24 16 16 24 24 16 16 24 64 32 32 24 16 40 24 24 24 16 32 16 32 64 40 16 16 16 104 88 32 64 16 56 24 40 24 16 48 32 24 32 32 24 40 32 32 40 24 16 24 32 24 48 40 32 16 24 56 24 32 40 32 56 24 32 64 24 40 24 24 16 32
24 32 72 40 24 16 16 16 32 24 24 64 16 24 32 56 40 72 48 24 24 32 16 16 32 16 40 24 72 32 24 24 16 24 32 16 16 72 32 24 64 16 24 40 32 56 40 72 16 24 32 16 16 24 32 24 16 32 40 16 40 24 32 32 16 24 16 32 32 48 16 32 16 16 24 24 32 16 32 16 64 24 32 32 32 64 56 24 40 24 16 64 32 32 56 40 16 24 24 16
24 64 32 32 32 24 24 24 32 32 40 32 56 40 56 48 56 72 24 56 40 32 64 40 56 16 32 32 24 56 32 32 8 40 24 24 32 32 56 64 32 32 24 72 32 32 16 40 72 24 16 64 48 80 40 48 16 24 24 16 32 64 56 32 48 40 24 16 32 24 48 24 24 16 16 16 40 32 24 24 24 56 32 56 88 24 24 80 24 56 40 24 24 24 80 24 24 32 24 32
64 64 48 40 16 16 24 80 48 40 104 24 24 16 40 32 40 32 24 24 40 24 56 40 24 24 48 24 32 104 16 32 32 40 24 16 40 24 24 72 32 32 32 24 80 24 56 32 32 48 16 24 32 32 32 24 24 16 32 24 16 32 24 56 96 24 24 32 24 64 24 16 16 24 24 16 16 24 16 40 24 16 24 32 80 24 40 16 56 40 24 40 24 16 24 48 24 72 24 32
